%Lat	Lon	Elevation	Run dist 	Dist -20 km	Uplift rate 	Error 
						
%(deg N)	(deg E)	(m)	(km)	(km)	(mm/yr)	(mm/yr)
						
46.20833	-123.96556	7.253	15.32	16.43	3.34	0.4
						
46.20694	-123.76472	10.553	715.42	31.88	2.09	0.37
						
46.20694	-123.96083	5.62	15.15	16.81	3.4	0.4
						
46.20667	-123.95167	3.682	15.74	17.51	3.53	0.42
						
46.20639	-123.95333	3.263	15.56	17.39	3.65	0.42
						
46.20611	-123.955	4.253	15.42	17.26	3.62	0.42
						
46.205	-123.96389	5.546	14.9	16.59	3.4	0.41
						
46.20389	-123.76306	4.973	715.56	32.04	1.99	0.37
						
46.20306	-123.76361	4.979	715.63	32	1.95	0.37
						
46.20278	-123.96194	5.05	14.6	16.76	2.99	0.41
						
46.20056	-123.96028	6.922	14.2	16.91	3.92	0.4
						
46.19917	-123.94361	4.797	12.75	18.2	3.21	0.43
						
46.19472	-123.78833	7.324	713.8	30.18	2.37	0.37
						
46.19111	-123.92528	4.888	11.07	19.68	3.28	0.45
						
46.19056	-123.80972	8.926	710.29	28.58	2.32	0.38
						
46.19028	-123.83056	6.233	709.17	26.98	1.56	0.38
						
46.18972	-123.81889	6.752	709.5	27.88	1.56	0.38
						
46.18972	-123.84667	6.944	706.93	25.74	1.63	0.39
						
46.18972	-123.83389	7.021	708.01	26.72	2.2	0.39
						
46.18944	-123.83306	6.58	708.12	26.79	1.97	0.39
						
46.18917	-123.83194	6.623	708.25	26.88	1.46	0.38
						
46.18861	-123.82694	6.713	708.81	27.27	2.32	0.38
						
46.18833	-123.83083	6.954	708.41	26.97	2.48	0.38
						
46.18778	-123.85556	5.085	706.42	25.08	2.4	0.65
						
46.18722	-123.85556	5.402	706.53	25.08	2.77	0.38
						
46.18611	-123.58694	4.872	734.27	45.75	1.94	0.4
						
46.18556	-123.58611	4.088	734.31	45.82	0.91	0.58
						
46.175	-123.42833	4.79	752.4	58.05	0.17	0.71
						
46.17333	-123.84222	6.09	703.94	26.23	2.19	0.4
						
46.17306	-123.67944	22.923	725.01	38.76	2.29	0.39
						
46.17306	-123.84278	4.407	704.16	26.19	2.45	0.39
						
46.17222	-123.8425	5.293	704.2	26.22	2.66	0.39
						
46.17194	-123.83694	11.617	703.42	26.65	2.63	0.4
						
46.17167	-123.755	4.454	718.2	32.96	2.29	0.38
						
46.17167	-123.83694	4.633	703.43	26.66	2.8	0.73
						
46.17139	-123.8425	5.022	704.16	26.23	2.65	0.38
						
46.17056	-123.68417	5.53	724.51	38.42	2.43	0.39
						
46.17	-123.73111	26.977	720.72	34.81	1.53	0.38
						
46.16972	-123.83667	9.988	703.16	26.69	2.72	0.4
						
46.16944	-123.68861	8.851	724.2	38.09	2.06	0.39
						
46.16667	-123.75167	9.236	718.89	33.26	1.48	0.38
						
46.16639	-123.83667	5.656	702.87	26.72	2.2	0.39
						
46.16556	-123.67083	4.377	726.09	39.49	1.46	0.4
						
46.16306	-123.66417	9.002	726.76	40.03	2.22	0.39
						
46.16056	-123.40806	5.739	752.89	59.75	0.25	0.45
						
46.16056	-123.40722	4.468	752.8	59.82	0.25	0.45
						
46.15667	-123.40667	6.139	753.55	59.9	1.15	0.42
						
46.15389	-123.90417	2.547	3.51	21.64	2.56	0.47
						
46.15389	-123.90333	2.26	696.13	21.71	3.68	0.89
						
46.15361	-123.91194	4.329	4.13	21.05	3.65	0.49
						
46.15278	-123.86056	8.208	699.77	25.01	3	0.39
						
46.15222	-123.85806	10.279	699.72	25.21	2.99	0.4
						
46.14944	-123.92194	4.346	694.49	20.32	3.71	0.93
						
46.14917	-123.92778	6.792	694.16	19.87	3.47	0.41
						
46.14806	-123.90139	7.395	2.91	21.91	3.19	0.46
						
46.14361	-123.88667	26.497	1.23	23.08	3.19	0.42
						
46.14306	-123.87361	4.579	0.32	24.09	3	0.4
						
46.13583	-122.93306	5.888	807.44	96.53	0.55	0.47
						
46.13306	-123.37444	7.52	758.63	62.61	0.86	0.42
						
46.13278	-123.375	10.979	758.8	62.57	0.56	0.75
						
46.13278	-123.375	7.648	758.74	62.57	0.72	0.43
						
46.12667	-122.93722	4.535	806.35	96.31	0.56	0.47
						
46.12639	-122.9375	4.886	806.36	96.29	0.45	0.47
						
46.125	-123.92611	12.171	691.23	20.21	3.09	0.99
						
46.12139	-123.34972	4.689	760.98	64.62	0.79	0.43
						
46.12139	-123.23944	6.1	769.92	73.11	1.6	0.47
						
46.11278	-123.2825	5.906	766.52	69.88	0.55	0.42
						
46.11083	-123.29972	5.229	765.12	68.58	0.77	0.43
						
46.11	-123.92083	13.448	689.48	20.76	3.28	0.4
						
46.10806	-123.91944	9.942	689.51	20.88	3.28	0.41
						
46.10444	-123.20278	11.179	774	76.1	1.01	0.44
						
46.09944	-123.04694	150.439	791.48	88.15	0.86	0.46
						
46.09889	-123.07361	138.487	789.33	86.1	1.02	0.45
						
46.09806	-123.91611	7.843	688.11	21.23	3.25	0.4
						
46.09583	-123.04528	143.869	792.11	88.31	0.89	0.46
						
46.08972	-122.93306	8.307	802.27	97.01	0.39	0.99
						
46.08917	-122.93528	13.783	802.03	96.85	0.56	0.47
						
46.08667	-123.91444	15.214	686.86	21.46	3.32	0.42
						
46.06056	-123.91306	8.822	684.04	21.8	3.02	0.42
						
46.06056	-123.91278	8.152	684.03	21.82	3.33	0.41
						
46.04694	-123.9125	6.187	682.43	21.96	3.57	1.15
						
46.02806	-123.91944	11.834	681.06	21.59	3.27	0.43
						
46.02444	-123.91	6.298	679.89	22.35	3.42	1.19
						
46.01056	-123.90972	4.613	678.3	22.5	3.59	1.22
						
46.00139	-123.92139	5.878	676.68	21.68	2.96	0.43
						
45.99889	-123.91694	6.233	676.85	22.04	3.01	0.42
						
45.99889	-123.91694	6.229	676.86	22.04	3.34	0.43
						
45.995	-123.92806	7.297	676.94	21.22	3.17	0.42
						
45.99333	-123.92861	8.255	677.15	21.19	3.06	0.42
						
45.99194	-123.92222	5.375	675.89	21.7	3.28	1.25
						
45.98694	-123.92222	5.504	675.34	21.74	3.16	1.26
						
45.9675	-123.92333	5.957	672.99	21.83	3.23	0.44
						
45.95306	-123.925	12.785	671.25	21.82	3.22	0.43
						
45.94694	-123.92167	11.79	670.44	22.13	3.23	0.44
						
45.935	-123.91417	23.977	668.96	22.82	3.19	0.43
						
45.91639	-123.89	29.403	665.93	24.85	3.06	1.36
						
45.91139	-123.88444	33.066	665.23	25.32	2.64	0.44
						
45.91139	-123.88417	33.139	665.22	25.34	2.66	1.36
						
45.90833	-123.82667	70.137	660.23	29.82	2.54	1.38
						
45.90778	-123.80417	93.809	658.5	31.56	2.38	1.38
						
45.90778	-123.80389	94.383	658.44	31.58	2.78	0.44
						
45.90722	-123.78639	100.33	657.05	32.94	2.25	0.44
						
45.90361	-123.87278	40.945	663.99	26.29	2.21	1.37
						
45.90167	-123.75889	121.296	654.81	35.12	1.88	0.44
						
45.8925	-123.75528	131.443	653.71	35.48	1.8	1.38
						
45.88361	-123.75833	147.908	652.65	35.32	1.88	0.44
						
45.87583	-123.76139	174.823	651.7	35.15	2.02	0.44
						
45.85222	-123.76472	153.503	648.16	35.1	1.65	0.44
						
45.83889	-123.77056	112.881	646.41	34.77	1.66	0.43
						
45.82694	-123.77944	82.284	644.73	34.19	1.74	0.43
						
45.81333	-123.76889	55.741	642.76	35.12	1.52	0.44
						
45.795	-123.81389	51.587	638.35	31.8	1.9	0.43
						
45.78056	-123.82333	26.256	636.5	31.19	1.94	0.42
						
45.7725	-123.83028	12.073	635.39	30.72	1.93	0.42
						
45.76139	-123.83306	8.043	633.54	30.6	1.51	1.16
						
45.76139	-123.83333	7.34	633.73	30.58	1.88	0.42
						
45.74889	-123.83806	9.626	632.18	30.32	1.59	0.41
						
45.72889	-123.85417	12.198	629.18	29.24	1.82	0.41
						
45.71056	-123.88972	7.453	623.72	26.64	1.94	0.42
						
45.70917	-123.85667	9.43	624.45	29.22	1.8	0.4
						
45.68861	-123.92222	9.32	617.18	24.3	2.06	0.84
						
45.68694	-123.8875	2.936	619.97	27.01	1.81	0.4
						
45.66528	-123.92583	8.325	614.49	24.22	2	0.39
						
45.66528	-123.92583	7.903	614.5	24.22	2	0.4
						
45.65417	-123.92833	25.901	613.31	24.12	1.67	0.4
						
45.64361	-123.935	4.906	612	23.69	1.48	0.72
						
45.63444	-123.94	6.628	611.02	23.37	1.9	0.4
						
45.63167	-123.94	5.903	610.52	23.4	1.88	0.68
						
45.61361	-123.94278	5.977	608.55	23.33	1.09	0.38
						
45.58917	-123.94611	6.201	605.84	23.27	1.48	0.39
						
45.57111	-123.95167	4.885	603.73	22.99	1.6	0.39
						
45.57056	-123.95167	4.408	603.73	22.99	1.62	0.39
						
45.56861	-123.94167	5.003	603.93	23.79	1.65	0.39
						
45.56778	-123.93972	13.289	603.47	23.94	1.59	0.38
						
45.56083	-123.90778	4.2	600.45	26.49	1.43	0.39
						
45.56083	-123.93278	7.799	602.47	24.54	1.6	0.39
						
45.55972	-123.89222	6.047	598.69	27.71	0.78	0.37
						
45.52528	-123.88944	9.764	593.74	28.21	1.19	0.39
						
45.50778	-123.85389	10.78	590.16	31.13	1.61	0.71
						
45.50694	-123.84306	9.072	589.19	31.98	0.79	0.4
						
45.50306	-123.84222	7.053	588.95	32.08	0.82	0.74
						
45.50167	-123.84306	7.576	588.67	32.02	0.66	0.4
						
45.48917	-123.84444	20.313	587.15	32.02	1.15	0.4
						
45.48278	-123.85056	5.175	587.64	31.6	1.14	0.39
						
45.47917	-123.84333	7.411	586.07	32.2	1.09	0.4
						
45.47806	-123.84278	8.69	585.95	32.25	1.02	0.4
						
45.46722	-123.84278	5.338	584.73	32.34	0.63	0.4
						
45.46556	-123.8425	5.107	584.53	32.38	0.84	0.41
						
45.45917	-123.84278	4.925	583.85	32.41	0.96	0.41
						
45.45889	-123.84278	4.941	583.81	32.42	0.99	0.41
						
45.45694	-123.84167	8.336	583.39	32.52	0.78	0.39
						
45.45667	-123.84306	7.945	583.53	32.41	1.24	0.87
						
45.45	-123.84306	5.991	581.99	32.47	0.74	0.9
						
45.42306	-123.82278	3.518	578.18	34.28	0.38	0.98
						
45.41944	-123.82278	4.726	577.85	34.31	0.68	0.99
						
45.40667	-123.81333	12.796	575.86	35.15	0.94	0.4
						
45.40083	-123.80722	19.294	574.97	35.68	1.1	0.42
						
45.39611	-123.79167	32.376	573.21	36.93	1	0.41
						
45.38611	-123.79444	38.463	572.06	36.8	0.74	1.1
						
45.37972	-123.80333	39.329	570.96	36.15	1.17	1.13
						
45.37389	-123.80306	39.198	570.3	36.22	1	0.42
						
45.37167	-123.80278	41.421	570.09	36.26	0.57	1.14
						
45.365	-123.80306	42.865	569.32	36.29	0.98	0.43
						
45.35444	-123.80861	47.735	567.95	35.93	0.93	0.43
						
45.34111	-123.82417	51.524	565.92	34.81	1.31	0.43
						
45.32639	-123.83528	64.33	563.86	34.04	1.27	1.25
						
45.3225	-123.8375	62.973	563.39	33.89	1.07	1.26
						
45.31611	-123.83611	64.624	562.36	34.04	1.19	0.43
						
45.31167	-123.83611	59.523	561.98	34.07	1.43	0.42
						
45.30583	-123.83306	54.965	561.23	34.34	1.85	1.3
						
45.28667	-123.82139	35.916	558.71	35.38	1.29	0.43
						
45.27722	-123.82889	26.349	557.2	34.84	1.04	1.36
						
45.27694	-123.82528	28.274	557.54	35.13	1.22	0.44
						
45.26806	-123.84667	24.29	555.23	33.5	1.18	0.43
						
45.25194	-123.84722	16.871	553.42	33.53	1.17	1.42
						
45.24111	-123.86056	16.054	551.58	32.53	1.38	0.44
						
45.23028	-123.86139	17.744	550.12	32.51	1.41	1.46
						
45.23	-123.86111	19.25	550.02	32.54	1.37	0.45
						
45.21833	-123.87389	15.834	548.08	31.58	1.4	0.45
						
45.20556	-123.89	9.018	546.14	30.36	1.37	0.44
						
45.18889	-123.90194	8.935	544.4	29.47	1.09	1.53
						
45.18417	-123.91778	4.541	542.6	28.24	0.89	0.44
						
45.14944	-123.95667	28.957	536.84	25.28	1.93	1.58
						
45.1425	-123.96861	48.67	535.63	24.36	1.64	0.45
						
45.13222	-123.96111	23.84	534.15	24.97	1.7	0.46
						
45.1225	-123.96444	29.579	532.55	24.73	1.6	0.45
						
45.08556	-123.95833	18.37	526.88	25.28	1.76	1.61
						
45.05889	-123.89444	131.004	520.75	30.34	0.73	1.59
						
45.03806	-123.91583	66.971	515.84	28.68	0.66	1.56
						
45.02472	-123.94472	12.572	512.81	26.42	1.17	1.53
						
45.02028	-123.95806	4.647	511.18	25.38	1.05	0.45
						
45.00639	-123.97778	33.351	508.41	23.83	0.66	0.45
						
44.99861	-123.99167	13.425	507.14	22.74	1.36	0.44
						
44.97028	-124.01222	10.813	503.05	21.13	0.6	1.41
						
44.96278	-124.01472	20.027	502.21	20.93	1.29	1.4
						
44.95861	-124.01444	44.132	502.52	20.96	0.91	1.4
						
44.95333	-124.01278	31.309	501	21.09	1.39	0.44
						
44.93694	-124.02167	42.536	498.95	20.38	1.23	0.44
						
44.92778	-124.0125	4.499	497.78	21.11	0.91	1.33
						
44.9225	-124.01361	11.365	497.05	21.02	1.04	1.32
						
44.91556	-124.00389	2.327	495.89	21.78	0.81	0.43
						
44.90111	-124.00639	3.917	494.21	21.58	1.18	0.43
						
44.89944	-124.00333	9.149	493.94	21.82	0.61	1.27
						
44.88111	-124.03139	20.7	490.92	19.6	1.2	0.42
						
44.85889	-124.03806	25.403	488.39	19.05	1.34	1.17
						
44.8375	-124.04917	13.139	485.86	18.15	1.44	1.12
						
44.83028	-124.06417	17.131	484.06	16.96	1.41	0.42
						
44.81	-124.06083	18.799	481.78	17.2	1.24	0.42
						
44.79611	-124.06417	31.392	480.3	16.92	1.1	0.41
						
44.77889	-124.07083	25.302	477.9	16.36	1.19	0.4
						
44.67944	-123.89056	128.43	25.02	30.45	0.15	0.9
						
44.67944	-123.86306	38.947	27.01	32.63	0.22	0.93
						
44.67556	-124.05861	38.372	463.66	17.13	1.2	0.39
						
44.66833	-123.81667	26.483	36.73	36.29	0.66	1.06
						
44.66806	-123.84889	13.337	29.51	33.73	0.62	0.97
						
44.66639	-123.80583	21.729	37.6	37.14	0.1	0.44
						
44.66	-123.80972	20.434	35.23	36.82	0.34	0.44
						
44.65444	-123.78861	29.269	39.58	38.48	0.12	0.42
						
44.65444	-123.81528	19.797	33.78	36.37	0.54	0.42
						
44.65	-124.04667	46.325	460.84	18.02	1.37	0.53
						
44.64333	-123.78333	29.638	40.83	38.88	0.47	0.45
						
44.64222	-123.13306	59.84	112.47	90.44	-0.02	1.78
						
44.64194	-123.11944	62.227	113.55	91.52	-0.12	0.51
						
44.64083	-123.10556	64.618	114.74	92.62	0.8	1.79
						
44.63833	-123.16944	64.481	109.43	87.55	0.03	1.75
						
44.63833	-123.10417	63.458	115.12	92.73	0.53	0.49
						
44.63806	-123.105	64.281	115.1	92.66	0.63	1.8
						
44.63806	-124.04167	54.979	3.73	18.38	0.94	0.41
						
44.63667	-124.05222	44.063	459.3	17.54	1.22	0.48
						
44.63611	-123.10556	65.585	115.73	92.61	0.48	0.51
						
44.63611	-123.18306	69.977	108.32	86.47	0.55	0.48
						
44.63611	-123.77583	29.122	42.15	39.46	0.55	1.13
						
44.635	-123.92472	4.268	18.16	27.65	0.74	0.43
						
44.63444	-123.10583	66.604	115.54	92.59	0.48	0.51
						
44.63417	-124.05194	43.059	459.07	17.56	1.24	0.39
						
44.63361	-124.0125	103.999	6.29	20.68	0.73	0.56
						
44.63222	-124.05694	42.174	458.62	17.16	1.17	0.37
						
44.63083	-124.05111	4.985	457.76	17.62	1.43	0.42
						
44.63056	-123.10583	66.358	116.47	92.59	0.48	1.81
						
44.63	-123.74778	38.458	44.83	41.67	0.51	0.45
						
44.62917	-124.05389	5.708	457.34	17.39	1.46	0.41
						
44.62778	-124.05472	5.65	457.11	17.32	1.18	0.4
						
44.62556	-124.05694	39.35	456.55	17.14	1.17	0.38
						
44.62528	-124.05778	36.968	456.49	17.07	1	0.38
						
44.62444	-123.72139	52.661	48.21	43.75	0.19	0.45
						
44.62444	-123.20472	70.435	106.2	84.73	0.56	0.48
						
44.62139	-123.935	20.692	15.36	26.8	0.24	0.75
						
44.62139	-123.935	18.921	15.43	26.8	0.84	0.42
						
44.62028	-124.05222	24.652	455.71	17.5	0.33	0.38
						
44.61972	-123.93333	10.748	15.64	26.93	0.83	0.75
						
44.61944	-123.65167	246.375	54.27	49.27	0.41	1.26
						
44.61833	-123.67861	87.478	51.74	47.13	0.5	1.24
						
44.61778	-124.05167	15.792	455.43	17.54	0.56	0.38
						
44.61778	-123.73361	45.591	46.67	42.77	0.38	1.18
						
44.61528	-124.04861	3.266	454.77	17.77	0.93	0.48
						
44.61139	-124.04944	5.487	454.4	17.7	0.88	0.5
						
44.60944	-123.215	71.189	104.31	83.9	0.68	0.5
						
44.60583	-123.485	218.218	71.28	62.47	0.48	0.45
						
44.60472	-123.45194	178.75	73.99	65.09	0.4	1.46
						
44.60361	-123.615	209.817	58.14	52.15	0.48	0.46
						
44.60361	-123.62194	210.704	57.51	51.6	0.69	0.46
						
44.60222	-123.49861	200.43	70.09	61.38	0.7	0.47
						
44.59972	-123.57444	200.922	62.01	55.36	0.04	1.34
						
44.59694	-123.5175	193.984	68.46	59.87	0.43	0.45
						
44.59611	-123.44056	136.403	75.59	65.98	0.33	1.47
						
44.59306	-124.06194	7.13	452.05	16.66	0.75	0.37
						
44.5925	-123.43694	132.572	76.03	66.26	0.44	1.48
						
44.59111	-123.52889	231.426	67.36	58.96	0.45	0.45
						
44.58889	-123.54639	229.635	65.8	57.56	0.79	1.38
						
44.58528	-123.42611	157.312	77.36	67.1	0.16	1.49
						
44.585	-124.06306	36.469	451.17	16.55	0.87	0.65
						
44.58222	-124.06389	25.492	450.86	16.47	0.9	0.66
						
44.57833	-123.24278	69.671	100.17	81.64	0.31	1.68
						
44.57667	-124.06417	31.314	450.16	16.44	0.99	0.69
						
44.57639	-124.06444	32.035	450.18	16.41	0.77	0.39
						
44.575	-123.42111	211.716	79.47	67.48	0.73	1.51
						
44.5725	-124.06556	25.538	449.55	16.31	0.84	0.39
						
44.57028	-124.06667	23.276	449.48	16.22	1.11	0.71
						
44.57	-124.06583	31.499	449.22	16.29	0.82	0.38
						
44.56806	-123.25667	68.817	98.54	80.52	0.36	0.49
						
44.56694	-123.27167	72.868	94.78	79.33	0.68	0.49
						
44.56694	-123.27139	72.352	94.75	79.35	0.78	0.47
						
44.56639	-123.27528	77.802	94.44	79.04	0.67	0.47
						
44.56611	-123.27056	70.096	94.95	79.41	0.79	0.47
						
44.56528	-123.26444	70.358	95.45	79.9	0.3	0.49
						
44.56528	-123.26083	71.568	95.78	80.18	0.69	0.47
						
44.56444	-123.26056	69.581	95.87	80.2	0.66	0.49
						
44.56333	-123.27833	73.231	93.82	78.79	0.56	0.49
						
44.56222	-123.27306	73.602	94.27	79.21	0.68	0.47
						
44.55722	-123.28028	69.847	92.96	78.62	0.39	1.62
						
44.55611	-124.07028	17.004	447.65	15.89	0.82	0.38
						
44.555	-123.29667	74.292	91.66	77.32	0.8	0.47
						
44.54889	-124.07139	16.86	446.78	15.78	0.94	0.81
						
44.54583	-123.32722	86.285	89.09	74.87	0.75	0.47
						
44.54556	-123.31	79.029	91.06	76.24	0.67	0.49
						
44.54417	-124.07194	7.479	446.24	15.72	0.87	0.38
						
44.54389	-123.33333	93.725	88.55	74.38	0.66	0.49
						
44.54361	-124.07194	14.317	445.92	15.72	0.94	0.84
						
44.54167	-123.34583	84.612	87.56	73.38	0.74	0.49
						
44.54056	-123.3525	82.639	87.04	72.85	0.78	0.46
						
44.54028	-123.36639	86.327	85.84	71.75	0.63	0.46
						
44.535	-123.39222	88.612	85.39	69.68	0.51	1.56
						
44.535	-124.07333	14.002	445.11	15.58	0.89	0.38
						
44.53167	-124.07333	8.306	444.57	15.57	1.24	0.88
						
44.52722	-124.07306	5.66	444.13	15.58	0.7	0.38
						
44.52111	-124.06972	6.275	443.24	15.83	0.65	0.92
						
44.51167	-124.07806	18.485	441.79	15.13	0.73	0.39
						
44.50083	-124.08056	20.455	440.65	14.9	0.72	1
						
44.49972	-124.08139	21.588	440.49	14.83	0.71	0.4
						
44.49944	-124.08056	21.3	440.47	14.89	0.89	1.01
						
44.495	-124.08167	8.852	439.98	14.79	0.71	0.39
						
44.495	-124.08139	10.884	439.89	14.81	0.83	1.02
						
44.4875	-124.08167	18.737	439.09	14.76	1.21	1.04
						
44.48722	-124.08083	19.926	439.11	14.83	1.01	0.4
						
44.48028	-124.07917	13.697	438.12	14.94	1.05	1.07
						
44.47917	-124.07806	7.69	438.26	15.02	0.7	0.39
						
44.4725	-124.08083	13.822	437.39	14.78	0.83	1.09
						
44.46861	-124.07778	19.765	436.84	15.01	0.51	0.4
						
44.46833	-124.07806	19.678	436.82	14.98	0.7	1.11
						
44.45139	-124.07194	28.483	434.87	15.41	0.58	0.39
						
44.4375	-124.07444	28.08	433.39	15.16	0.89	1.2
						
44.435	-124.07222	21.539	433.11	15.33	0.61	0.41
						
44.43167	-124.07056	21.524	432.63	15.45	0.54	0.41
						
44.42944	-124.0575	4.894	432.93	16.48	0.76	0.39
						
44.42889	-124.06639	5.263	432.2	15.77	0.44	0.41
						
44.42694	-124.06611	9.045	432.32	15.78	0.45	0.41
						
44.42583	-124.06667	4.784	432.05	15.73	0.6	0.4
						
44.42333	-124.07028	4.573	431.56	15.44	0.81	0.4
						
44.42222	-124.07278	4.585	431.29	15.23	0.89	0.4
						
44.41	-124.08306	13.238	429.66	14.37	0.97	1.29
						
44.39306	-124.08583	5.903	427.74	14.08	1.13	1.34
						
44.36417	-124.09222	10.726	424.71	13.46	0.93	1.41
						
44.36389	-124.09167	11.008	424.72	13.5	0.7	0.4
						
44.35	-124.095	8.945	423.25	13.18	0.69	0.42
						
44.34889	-124.09389	5.909	423.06	13.26	0.68	0.42
						
44.34139	-124.09556	6.228	422.03	13.1	1.07	1.47
						
44.33111	-124.0975	11.716	420.95	12.9	0.93	1.49
						
44.33	-124.10056	10.991	421.38	12.65	0.71	0.42
						
44.30806	-124.09889	10.342	418.06	12.69	0.79	1.55
						
44.3075	-124.09917	9.034	418.13	12.67	0.15	1.55
						
44.30389	-124.1075	6.496	417.23	11.99	0.81	0.41
						
44.29972	-124.10611	18.46	416.75	12.08	0.84	1.58
						
44.29528	-124.1075	20.449	416.01	11.95	1.03	1.6
						
44.29056	-124.10778	44.157	415.24	11.91	1.26	1.61
						
44.29028	-124.1125	69.149	414.75	11.53	0.59	0.41
						
44.27778	-124.11139	28.284	413.19	11.56	0.72	0.41
						
44.27778	-124.10917	28.385	413.15	11.74	0.76	0.41
						
44.27167	-124.1075	11.309	412.23	11.84	0.72	0.41
						
44.27056	-124.10778	7.956	412.3	11.82	0.73	0.41
						
44.26611	-124.11139	14.098	411.72	11.51	0.71	0.41
						
44.26583	-124.11167	12.278	411.67	11.49	0.7	0.41
						
44.245	-124.11083	11.833	409.34	11.46	0.57	0.42
						
44.245	-124.11111	13.509	409.37	11.44	0.73	0.42
						
44.22444	-124.10833	8.148	407.04	11.56	0.74	0.46
						
44.22417	-124.10833	8.165	406.99	11.56	0.68	0.46
						
44.20778	-124.11361	13.855	405.15	11.06	0.52	0.43
						
44.19583	-124.11194	38.719	403.85	11.14	0.8	0.43
						
44.18417	-124.11389	15.038	402.23	10.92	0.88	0.42
						
44.18361	-124.11444	14.393	402.29	10.88	0.79	0.42
						
44.17472	-124.11444	9.182	401.25	10.83	0.87	0.42
						
44.17444	-124.11389	9.133	401.32	10.87	0.67	0.42
						
44.16528	-124.11167	14.06	400.26	11.01	0.86	0.42
						
44.16472	-124.11111	14.324	400.27	11.05	0.9	0.42
						
44.16306	-124.11389	17.131	399.89	10.82	0.7	1.9
						
44.15806	-124.11472	17.663	399.46	10.73	0.87	0.42
						
44.13694	-124.12333	55.444	396.74	9.93	1.33	1.95
						
44.13444	-124.12083	30.34	396.12	10.12	0.95	0.42
						
44.13417	-124.12028	37.652	395.93	10.16	0.91	0.44
						
44.13361	-124.12056	37.046	395.94	10.13	1.03	1.96
						
44.12694	-124.12278	68.869	395.25	9.92	1.21	1.97
						
44.125	-124.12528	78.803	395.06	9.71	0.9	0.42
						
44.11028	-124.1225	101.71	392.79	9.86	0.76	2
						
44.11028	-124.1225	95.535	392.64	9.86	1.03	2
						
44.10694	-124.12056	78.812	392.33	10	0.8	0.43
						
44.095	-124.11333	14.992	390.8	10.51	0.81	0.44
						
44.0825	-124.10528	9.395	389.34	11.09	0.81	0.43
						
44.07917	-124.10389	26.954	388.92	11.18	1.17	2.05
						
44.05278	-124.09639	14.966	385.85	11.64	0.27	2.08
						
44.0525	-124.09611	14.961	385.82	11.66	0.49	2.08
						
44.03333	-124.09778	40.917	383.6	11.42	1.39	2.1
						
44.00583	-124.09944	26.234	380.51	11.14	1.37	2.13
						
43.98278	-124.04417	8.615	382.44	15.44	0.25	2.11
						
43.97556	-124.09944	9.452	377.25	10.97	0.26	2.15
						
43.97389	-124.09972	7.294	377.05	10.94	0.38	2.15
						
43.97056	-124.10528	6.079	376.1	10.47	0.89	2.15
						
43.96917	-124.10583	3.982	375.82	10.42	0.85	2.15
						
43.96861	-124.10583	6.205	376.1	10.42	0.82	0.47
						
43.96694	-124.10694	9.94	375.65	10.32	0.81	0.47
						
43.92722	-124.10667	41.831	371.18	10.11	0.85	2.17
						
43.88306	-124.12333	12.011	365.96	8.51	1.1	2.16
						
43.88278	-124.12333	10.078	366.01	8.51	0.92	0.47
						
43.86361	-124.13722	32.442	363.38	7.28	1.35	2.15
						
43.86167	-124.13972	23.693	363.03	7.07	1.31	2.15
						
43.85222	-124.14528	32.888	362.03	6.56	0.65	2.15
						
43.84778	-124.14611	31.114	361.55	6.47	1.24	0.45
						
43.84694	-124.14583	31.055	361.4	6.49	1.48	2.14
						
43.83833	-124.14889	33.847	360.34	6.19	1.44	2.14
						
43.83528	-124.14889	46.508	360.07	6.17	1.44	2.14
						
43.83389	-124.14861	42.587	359.8	6.18	1.32	2.13
						
43.83083	-124.14694	40.25	359.57	6.3	1.25	0.45
						
43.83083	-124.14694	40.266	359.57	6.3	1.29	2.13
						
43.82694	-124.1475	42.034	359.07	6.23	1.25	2.13
						
43.82139	-124.15	41.698	358.27	5.99	1.15	2.12
						
43.81889	-124.14944	34.746	358.02	6.02	1.55	2.12
						
43.8125	-124.15083	7.166	357.18	5.87	1.25	2.11
						
43.80722	-124.15194	12.807	356.59	5.75	1.36	0.43
						
43.80667	-124.15194	9.841	356.49	5.74	1.3	0.43
						
43.78278	-124.14139	51.943	353.37	6.44	1.3	2.09
						
43.73028	-124.11	14.095	345.5	8.62	0.56	2.03
						
43.72	-124.10028	5.373	343.79	9.33	1.24	0.53
						
43.71889	-124.08333	6.507	342.01	10.69	0.49	1.95
						
43.71444	-124.08722	5.443	341.32	10.35	0.88	0.46
						
43.71417	-124.08722	5.442	341.31	10.34	0.77	0.45
						
43.71306	-124.08806	5.669	340.9	10.27	0.79	0.44
						
43.71111	-124.09111	5.734	340.7	10.01	0.32	0.45
						
43.71	-124.09167	5.992	340.47	9.96	0.64	0.44
						
43.7075	-124.09528	6.049	339.86	9.65	0.86	0.43
						
43.7075	-124.09972	3.624	340.26	9.29	1.4	1.92
						
43.70694	-124.09583	6.031	339.91	9.6	0.85	1.91
						
43.70667	-124.09389	7.949	339.97	9.76	0.86	0.44
						
43.7	-124.10694	9.623	337.78	8.66	0.44	1.87
						
43.69889	-124.10444	4.985	338.16	8.86	0.68	1.88
						
43.69667	-124.12	20.93	336.62	7.59	0.53	1.85
						
43.69361	-124.12361	20.713	336.04	7.28	0.67	1.84
						
43.68861	-124.14139	25.078	334.21	5.82	1.15	0.37
						
43.675	-124.17333	6.141	330.87	3.15	1.32	1.74
						
43.62472	-124.18389	77.579	324.09	1.96	1.24	0.36
						
43.61528	-124.18194	57.4	322.72	2.05	1.11	0.37
						
43.57806	-124.17333	8.867	319.43	2.48	1.34	1.51
						
43.5775	-124.17389	9.864	319.28	2.43	0.56	1.5
						
43.57667	-124.1925	8.612	317.39	0.92	0.58	0.36
						
43.56611	-124.20417	8.723	315.87	-0.09	1.28	0.34
						
43.55472	-124.20806	18.263	314.33	-0.49	1.12	1.39
						
43.53361	-124.21528	21.642	311.98	-1.22	1.56	1.34
						
43.42917	-124.23389	5.749	300.44	-3.5	1.31	0.32
						
43.42444	-124.23417	5.741	299.76	-3.55	1.33	1.02
						
43.42444	-124.23417	7.655	299.77	-3.55	1.33	0.32
						
43.41556	-124.22306	18.484	298.38	-2.72	1.21	0.33
						
43.40694	-124.22278	13.86	267.54	-2.77	1.49	0.31
						
43.40694	-124.22472	20.543	267.69	-2.92	1.51	0.31
						
43.40694	-124.23778	5.859	268.75	-3.98	1.53	0.33
						
43.39528	-124.21778	3.902	265.94	-2.45	1.41	0.85
						
43.395	-124.21694	3.856	266.08	-2.39	1.1	0.84
						
43.39361	-124.27639	3.918	273.58	-7.2	1.5	0.31
						
43.39361	-124.27694	14.535	273.43	-7.25	1.61	0.32
						
43.39333	-124.27722	4.307	273.56	-7.27	1.33	0.32
						
43.39333	-124.27694	3.893	273.54	-7.25	1.34	0.31
						
43.39333	-124.27639	3.914	273.64	-7.2	1.42	0.31
						
43.39306	-124.27667	7.137	273.49	-7.23	1.38	0.31
						
43.37389	-124.28861	10.224	275.79	-8.34	1.65	0.32
						
43.36861	-124.21111	4.365	262.75	-2.12	1.05	0.92
						
43.36861	-124.2125	3.876	262.62	-2.23	1.15	0.93
						
43.35611	-124.2	12.031	259.89	-1.32	1.28	0.34
						
43.35583	-124.19778	10.525	260.05	-1.14	1.26	0.34
						
43.35556	-124.20056	12.17	259.85	-1.37	1.12	0.34
						
43.35389	-124.31139	16.281	278.75	-10.34	1.82	0.47
						
43.35	-124.32889	3.723	282.46	-11.79	2.15	0.3
						
43.34972	-124.32833	3.056	282.4	-11.74	1.98	0.3
						
43.34972	-124.32833	6.125	282.35	-11.74	2.17	0.3
						
43.34972	-124.32861	4.337	282.49	-11.77	2.33	0.3
						
43.34722	-124.32778	5.053	282.14	-11.72	2.26	0.31
						
43.34667	-124.32778	5.049	281.94	-11.72	2.21	0.31
						
43.34639	-124.31389	17.634	279.62	-10.6	1.99	0.31
						
43.34444	-124.32639	4.849	281.63	-11.63	2.03	0.31
						
43.33778	-124.36833	17.825	285.15	-15.07	2.38	0.43
						
43.26083	-124.22583	4.512	248.07	-4.18	1.75	1.23
						
43.23222	-124.23278	6.493	243.79	-4.98	1.77	0.35
						
43.19333	-124.22528	5.401	237.98	-4.71	1.61	1.39
						
43.18611	-124.1925	7.659	233.61	-2.12	1.38	1.44
						
43.18167	-124.18361	24.17	232.7	-1.43	1.36	1.45
						
43.18139	-124.25694	6.06	225.06	-7.38	1.65	0.35
						
43.17667	-124.18528	19.437	232.1	-1.61	1.62	0.34
						
43.17611	-124.18528	17.807	232.03	-1.62	1.53	1.45
						
43.17556	-124.18722	16.317	231.91	-1.78	1.61	0.35
						
43.17444	-124.18639	13.375	231.75	-1.72	1.19	0.34
						
43.17444	-124.18639	14.77	231.77	-1.72	1.71	0.34
						
43.15056	-124.17472	10.05	234.65	-0.98	1.92	1.49
						
43.13333	-124.35917	14.213	208.07	-16.09	3.32	0.34
						
43.13222	-124.34	6.111	209.67	-14.54	3.08	1.45
						
43.12444	-124.36778	67.306	206.61	-16.86	3.23	0.32
						
43.12056	-124.41639	6.241	202.46	-20.84	3.46	0.31
						
43.11917	-124.41056	4.048	202.95	-20.38	3.29	0.33
						
43.11889	-124.40333	21.614	203.71	-19.8	3.46	0.33
						
43.11861	-124.38917	29.93	204.76	-18.65	3.2	0.33
						
43.11806	-124.41389	4.123	202.8	-20.66	3.58	0.31
						
43.11528	-123.49528	190.914	90.75	53.83	0.5	0.62
						
43.11417	-124.43417	25.085	204.14	-22.34	3.62	0.33
						
43.11389	-124.41444	23.006	201.47	-20.74	3.55	0.33
						
43.11278	-123.44	160.827	96.4	58.29	0.61	0.64
						
43.11222	-124.29778	7.011	214.85	-11.3	2.38	0.35
						
43.11028	-124.31583	8.503	213.12	-12.78	2.57	1.47
						
43.10611	-123.46389	191.484	94.28	56.3	0.53	0.63
						
43.095	-124.41389	15.707	199.37	-20.87	3.21	1.31
						
43.08944	-124.41389	26.291	198.71	-20.92	3.69	1.3
						
43.08278	-123.57278	222.249	82.89	47.26	-0.03	0.61
						
43.07667	-124.41417	16.186	197.31	-21.06	3.16	1.28
						
43.06583	-123.62917	339.275	77.61	42.53	0.48	0.59
						
43.065	-123.65417	449.626	75.21	40.5	0.21	0.59
						
43.065	-124.14222	28.653	14.97	0.89	1.94	0.4
						
43.06028	-124.41417	22.71	195.47	-21.22	3.58	0.3
						
43.04694	-124.41278	22.178	194.05	-21.23	3.97	0.32
						
43.0375	-123.66917	346.624	71.46	39.02	0.33	0.58
						
43.03472	-123.67361	346.664	70.86	38.63	0.05	0.57
						
43.03139	-124.41333	32.994	192.25	-21.43	3.74	1.19
						
43.01944	-123.91861	60.426	40.75	18.59	0.82	0.49
						
43.01722	-123.985	44.672	34.43	13.18	1.45	0.47
						
43.01611	-123.68833	330.434	68.61	37.24	0.37	0.57
						
43.00333	-124.41444	17.322	189.24	-21.81	3.84	1.13
						
42.99556	-123.72306	317.283	64.32	34.21	0.47	0.56
						
42.99083	-124.41889	37.215	187.78	-22.3	3.72	1.1
						
42.97528	-124.42472	25.873	185.96	-22.94	3.46	0.3
						
42.9625	-124.43278	26.763	184.39	-23.74	3.77	0.28
						
42.9425	-124.44389	18.105	182.06	-24.87	3.52	0.97
						
42.92667	-124.44833	28.163	180.22	-25.42	3.74	0.28
						
42.925	-124.44722	31.474	180.15	-25.35	3.79	0.29
						
42.91278	-124.45417	23.842	178.55	-26.06	3.75	0.89
						
42.89083	-124.46083	31.02	176.09	-26.87	3.22	0.83
						
42.86139	-124.46778	55.714	172.64	-27.81	2.85	0.74
						
42.83278	-124.47778	34.658	169.34	-29	3.09	0.65
						
42.80167	-124.48472	52.121	165.78	-29.98	2.67	0.53
						
42.79611	-124.48639	14.02	165.06	-30.19	3.06	0.51
						
42.77389	-124.49472	31.881	162.47	-31.17	2.68	0.4
						
42.74333	-124.49222	19.285	158.98	-31.39	2.6	0.29
						
42.74306	-124.49472	24.423	159.28	-31.6	2.7	0.27
						
42.74222	-124.48889	7.651	159.25	-31.14	2.66	0.27
						
42.74222	-124.48889	17.882	158.57	-31.14	2.47	0.31
						
42.74167	-124.49833	8.315	159.24	-31.91	2.63	0.27
						
42.74111	-124.49722	5.081	159.68	-31.83	2.56	0.27
						
42.73917	-124.49806	5.875	159.38	-31.93	2.62	0.27
						
42.73694	-124.47583	6.334	159.35	-30.15	2.63	0.27
						
42.69528	-124.44833	124.909	150.15	-28.51	3.07	0.63
						
42.665	-124.41194	60.822	143.63	-26	3.25	0.8
						
42.64417	-124.39806	203.262	140.5	-25.18	2.32	0.87
						
42.61778	-124.39333	44.644	137.2	-25.2	2.98	0.94
						
42.59806	-124.39694	82.159	134.07	-25.8	2.89	1.01
						
42.56083	-124.38167	8.162	128.84	-25.14	3.03	0.29
						
42.56056	-124.38028	6.254	128.86	-25.03	2.89	1.11
						
42.55278	-124.38917	15.282	127.64	-25.87	3.1	0.31
						
42.54278	-124.39528	6.368	126.47	-26.53	3.32	1.15
						
42.51444	-124.40806	9.416	122.91	-28.01	2.87	1.22
						
42.51167	-124.40944	24.785	122.61	-28.17	2.83	1.22
						
42.49056	-124.41583	33.609	121.01	-29.03	2.74	1.25
						
42.46722	-124.38333	12.201	116.53	-26.76	3.3	0.31
						
42.43111	-124.40944	7.049	111.33	-29.47	3.05	1.41
						
42.42917	-124.41139	19.88	110.98	-29.66	3.12	0.31
						
42.42917	-124.41139	4.939	111.38	-29.66	3.43	1.41
						
42.42417	-124.41194	8.404	110.47	-29.78	3.59	1.42
						
42.42389	-124.41139	20.18	110.4	-29.74	3.21	0.33
						
42.41722	-124.41667	23.765	109.45	-30.28	3.18	1.44
						
42.41556	-124.41944	10.356	108.97	-30.54	3.18	1.44
						
42.40778	-124.42	16.557	107.97	-30.71	3.06	0.33
						
42.40139	-124.41944	16.588	107.25	-30.77	2.99	0.33
						
42.38944	-124.41417	8.968	105.6	-30.54	2.99	0.32
						
42.30444	-124.40278	31.756	92.36	-31.05	2.77	1.62
						
42.29194	-124.40139	19.974	90.24	-31.14	3.36	1.63
						
42.28417	-124.39861	60.042	89.12	-31.05	2.96	0.33
						
42.27222	-124.395	8.641	87.5	-30.96	3.59	1.65
						
42.25139	-124.39139	89.451	85.01	-31.02	3.38	1.66
						
42.24694	-124.36806	239.107	81.27	-29.19	2.69	0.34
						
42.24639	-124.36472	250.588	80.92	-28.93	3.22	0.34
						
42.24194	-124.3825	143.268	83.23	-30.45	2.69	0.35
						
42.23	-124.35917	360.99	78.2	-28.75	3.22	1.66
						
42.22639	-124.35917	379.657	77.85	-28.81	3.18	0.33
						
42.19639	-124.32694	462.451	71.74	-26.69	3.25	0.33
						
42.19056	-124.325	422.34	70.96	-26.63	2.61	1.64
						
42.17944	-124.31583	376.832	69.46	-26.07	3.04	0.35
						
42.14694	-124.31389	303.757	65.02	-26.45	3.02	0.34
						
42.13778	-124.31389	313.411	63.87	-26.61	3	0.33
						
42.13222	-124.31056	315.588	63.14	-26.43	3.07	0.33
						
42.12778	-124.30778	318.896	62.27	-26.28	3.18	0.38
						
42.11417	-124.30417	312.512	60.21	-26.21	3.28	1.56
						
42.11	-124.29778	251.794	58.86	-25.76	3.31	1.54
						
42.10917	-124.29694	247.741	58.69	-25.71	3.18	0.32
						
42.09528	-124.29528	169.845	56.75	-25.81	3.32	0.32
						
42.08972	-124.29778	137.62	56.11	-26.11	3.27	0.37
						
42.07167	-124.31	25.599	53.4	-27.41	3.75	1.48
						
42.06833	-124.31167	75.029	53.24	-27.6	3.44	1.48
						
42.06833	-124.31167	76.043	53.25	-27.6	3.56	1.48
						
42.05444	-124.26889	12.742	47.28	-24.34	3.82	1.39
						
42.05389	-124.26694	8.234	47.12	-24.19	3.15	0.32
						
42.05361	-124.26778	8.82	47.12	-24.26	3.65	1.39
						
42.03611	-124.24167	46.202	44.2	-22.42	3.15	1.34
						
42.01167	-124.21444	28.126	40.82	-20.61	3.34	1.29
						
41.99	-124.20444	22.253	37.44	-20.16	3.15	1.23
						
41.92639	-124.16417	7.968	27.91	-17.94	2.39	1.05
						
41.92167	-124.14472	16.252	25.79	-16.42	2.75	0.27
						
41.82194	-124.16389	10.455	13.09	-19.7	2.72	0.72
						
41.79556	-124.18139	9.737	9.56	-21.58	2.23	0.62
						
41.76917	-124.19778	14.019	6.26	-23.38	2.47	0.52
						
41.75667	-124.20333	14.42	2.65	-24.06	2.85	0.24
						
41.75333	-124.19778	10.122	2.28	-23.66	3.32	0.37
						
41.75222	-124.18472	3.692	0.21	-22.6	2.73	0.26
						
41.75139	-124.19583	5.778	1.97	-23.53	2.79	0.35
						
41.75139	-124.1825	4.775	0	-22.44	2.79	0.26
						
41.75028	-124.19639	4.122	1.16	-23.6	2.78	0.26
						
41.74861	-124.19972	4.122	1.5	-23.9	2.69	0.26
						
41.74833	-124.18139	4.499	0.75	-22.4	2.77	0.26
						
41.74583	-124.20083	8.973	2.03	-24.04	2.81	0.26