%Longitude	Latitude	Mean Vel (mm/yr)	Stand Dev  V (mm/yr)
-123.4874701	48.38978142	0.854595601	0.085254357
-122.1418596	48.17406709	-1.617595678	0.134579033
-122.4789725	48.75526861	0.450060448	0.757442596
-122.9275402	48.01605761	-1.22228467	0.960055148
-122.1323005	47.55424342	0.127381049	1.731541873
-123.3672708	46.19730267	-0.848355557	0.12423159
-122.7758671	48.01061775	-1.090583282	0.417661514
-121.7493013	48.53870643	-0.987203749	0.410623979
-122.6856048	48.21731105	-0.858421565	2.631743825
-122.256519	46.84008522	-0.961656743	0.361337882
-122.2565189	46.84008523	-1.074590229	0.604872795
-122.9125427	46.27459985	-1.414511604	1.147450458
-123.219924	47.42334409	-0.100621269	0.75590422
-122.7605843	47.49760436	0.923336757	1.111477778
-121.955584	47.20620711	-3.586709707	4.079992733
-123.9560947	46.2048876	2.21943472	0.322738927
-123.9560115	46.20516319	1.747	0.5568
-123.9560946	46.20488754	1.633	0.3598
-123.9560121	46.20516276	1.564	0.3988
-123.0225976	46.79548602	0.620466397	4.220492946
-122.2176159	46.27512451	-1.336581079	1.849780665
-122.8960691	46.11817748	-0.788505448	0.373375853
-122.7954179	47.54731961	-0.525067164	0.320611533
-121.8308528	47.94437963	-1.354369643	0.181801714
-122.7583155	47.21878571	-0.266486582	0.318323328
-121.6895648	47.69520107	-1.41446071	1.283965632
-121.7420393	46.78534517	-1.024693597	0.0232426
-121.7331598	46.83563318	-3.444937358	0.830687833
-124.6249069	48.29785489	2.904801874	0.10512992
-121.7970846	47.49509774	-0.965040793	0.148746982
-122.204756	47.47461072	-2.267715608	0.99174862
-123.4877051	47.96984629	1.117697964	0.285693466
-123.7991608	46.42161904	0.72553665	0.474818473
-123.9161448	46.92578475	1.050897536	0.037581565
-123.8124508	47.51334846	2.231246688	0.682959768
-124.5570196	47.93718774	1.216291178	0.306206131
-124.3058975	47.76622121	2.035586029	0.099062688
-124.1408752	48.06232187	2.480540601	0.443056544
-123.3765865	46.2005018	-0.473373735	0.582664894
-123.0786056	46.11114155	-0.95970495	0.051231018
-123.7298657	46.6559908	0.294125749	0.48886712
-121.5969285	47.03994201	-0.78067257	0.065876113
-123.2979298	46.57473787	-0.712307262	0.393162876
-123.4078134	47.23664512	0.233017047	0.470317034
-122.8663315	46.58860218	-0.628525663	0.311999621
-122.4292291	46.53185605	-0.549749087	0.743833967
-122.9412101	47.28790356	-0.339376172	0.299733696
-122.8747126	47.82318379	0.634720735	0.368286955
-122.8453991	46.45269382	-1.086330651	0.041547497
-122.5145853	47.80272473	-2.022063837	0.333506783
-123.4362223	47.00384415	-0.225773648	0.358475228
-121.9884529	46.57208157	-1.081706297	0.244202721
-121.6832296	46.62285587	-1.15781578	0.317694931
-123.5032787	48.05954905	0.516792951	0.570629145
-123.1343481	48.04530254	0.470026517	0.406245965
-122.4591576	48.00180944	-0.635239002	0.482283623
-122.6702629	48.41914795	-0.476086841	0.367956153
-122.9093034	48.70819255	0.242581837	0.247653682
-122.4933411	48.85619342	-0.086166947	0.533550627
-121.6155496	48.26048008	-0.175370712	0.556923851
-122.8927878	46.11566223	-0.745075656	0.677153035
-122.354639	46.10957228	-0.878623873	1.093203783
-122.3606199	46.18955347	-1.011671328	0.636235212
-122.1898692	46.17998897	-1.09745239	0.10412383
-122.2269646	46.23148369	0.606117474	0.428942452
-122.184208	46.22449854	-0.205599325	0.393474139
-122.202348	46.21032171	-1.881621358	0.028281634
-122.1819311	46.29962944	-0.06445989	0.478323238
-122.1642134	46.19898747	-1.34497903	0.243901021
-122.1516359	46.19688115	-1.235152643	0.192012119
-122.1766091	46.18764259	-3.947388535	0.087544912
-122.1606114	46.17346582	-0.835151911	0.040500311
-122.2173656	46.17813498	-0.282581681	0.234851849
-122.133352	46.19462474	-0.016076696	0.345509901
-122.3456477	46.30016146	-0.905715209	0.255178799
-122.1961914	46.14525826	-0.095324832	0.447571958
-122.3105938	46.17295852	-0.677706389	0.14409785
-124.204582	47.2127995	-0.001685239	0.182630412
-122.5708059	47.17205673	-0.05532281	0.782450583
-122.2821825	47.89850693	-0.849772668	1.455623132
-123.4511285	48.64853292	0.936920771	0.667549456
-122.609461	47.3913624	-0.936654323	0.214496842
-124.413059	48.54426836	1.057169572	2.241868828
-122.0080805	47.4995593	0.171161713	0.800353968
-122.3747665	47.3875063	-1.072615557	0.503435823
-122.3750056	47.38720465	-0.671	0.5658
-122.3747668	47.38750628	-1.186	0.3708
-122.3750072	47.38720387	-1.184	0.3638
-123.7304121	46.68412976	-0.066302429	0.091598612
-123.0076105	48.54619475	0.194482723	0.273827771
-123.7057379	47.81658701	2.217013553	0.710495828
-123.7041294	48.92316391	1.264762087	0.291762571
-122.3372037	48.41785325	0.003	0.5908
-122.3094759	47.65397696	-1.136293507	0.398085672
-122.2238478	48.52155781	-0.61986313	0.339924937
-122.3450581	47.52357195	-1.160615927	0.985934644
-121.6436016	46.91461395	-2.754862643	1.459176562
-122.3151649	47.68229982	-0.896236898	0.143075986
-122.4715077	47.22886722	-1.677604771	0.078573706
-122.1923314	46.21919474	-2.233	0.4438
-122.192331	46.21919508	-3.294945909	0.845737762
-122.1740349	46.27525135	-1.787005225	0.262598245
-122.2884655	47.10584073	-0.916081594	0.141056216
-123.7683637	46.20737276	0.510304165	0.372979912
-122.2240643	46.23686758	-4.323651803	1.676036045
-122.9121615	46.98430075	-2.485034916	1.277034847
-122.9228756	47.01590546	-0.093839815	0.271768973
-122.1587324	46.21291555	1.146542863	0.45236386
-122.2119244	46.1979019	-2.178228173	1.658708421
-122.5691744	47.80348019	-1.929	0.3598
-121.8261528	47.52664702	-4.405	0.5768
-122.6961432	48.31271606	-0.700940209	1.007236111
-122.6961426	48.31244322	-1.701	0.7078
-122.6961437	48.31271574	-0.011	0.3868
-122.6961442	48.31244231	-0.562	0.4138
-122.605735	46.94871694	-0.717807333	0.363308266
-122.1883721	47.28699366	-1.221234816	0.221544232
-123.4287087	48.42926327	-3.006043421	3.24558477
-122.191481	47.61419132	-2.171254817	4.021910234
-123.4509944	48.64849709	-2.77715283	3.428640574
-123.7995296	48.55948687	-2.045411854	3.744611239
-123.3915678	48.48071087	1.396	6.4018
-122.125499	47.61742173	-1.526463835	0.662778257
-124.2525266	47.53934449	1.313180908	3.175816994
-122.1832148	47.59920679	0.94075702	0.68921698
-122.4786328	48.21534758	2.617392357	0.423663028
-124.1308848	48.82030426	2.222487051	1.417721586
-122.2607742	46.05921638	0.72430648	2.135448337
-121.7324322	46.8707267	-3.120403671	1.023890619
-121.7324222	46.87071876	0.453326481	0.851734778
-122.2358013	47.38057151	-0.318736896	46.72399307
-122.4800342	48.7527378	-0.72484498	0.752248478
-123.9261436	47.46883643	2.862928641	2.687903794
-122.0801559	47.77410395	-1.512131509	0.914563975
-121.9598951	47.00769551	-1.936802026	0.426074262
-123.0181131	48.53522396	-0.318409917	0.065994276
-122.1272863	48.19466785	-1.576442994	0.162486067
-121.7880839	47.29080063	3.669509505	6.095840281
-122.9210566	47.01929383	0.208710549	1.599319976
-124.03943	46.30588149	-2.656803193	1.961365719
-122.3209899	47.8028758	-0.081285546	0.806646203
-124.0538462	46.27813294	1.105463791	6.344197033
-124.589224	48.37067433	3.942876597	36.81824436
-123.6035568	46.98285469	3.221	1.2388
-121.8153656	46.89979785	-0.12646131	0.509736923
-124.1597144	46.9523712	-0.358369422	7.25391452
-122.9084656	46.96119522	-0.971478693	2.2137392
-122.8952187	47.04484692	-3.059909442	0.567962309
-122.3365715	48.41784046	-1.573452664	0.373161462
-123.612961	47.43391966	1.829120703	0.687290925
-123.3665265	47.40929853	0.562851199	0.28969674
-122.1396421	48.9159787	0.792284291	0.884552301
-122.1641609	46.03012144	-1.278108019	0.88823204
-122.2032256	46.18978396	-2.548004842	1.713781665
-122.136902	46.24463069	0.26510039	0.776458167
-124.5571527	47.93718751	1.039747386	0.612355911
-124.5570878	47.93711018	0.775509888	0.621626483
-122.208139	47.98166377	-1.428974891	0.715634489
-121.676981	46.59979766	-1.136031108	2.854561791
-123.4152578	48.1014605	-0.400882281	0.629466457
-121.6426316	46.85907924	-39.4180515	41.54326586
-121.6426117	46.85895232	-19.69286351	1.875197686
-122.3202071	47.4513887	-2.334012167	0.519087088
-123.4943611	48.11682935	0.090967424	0.162945687
-122.033173	47.53986314	4.582959917	5.862594039
-123.5412274	46.96565412	3.137587734	0.703999649
-122.2563023	47.68700503	-1.660936108	1.866266058
-122.256301	47.68700542	-1.572453741	1.227680876
-122.2389289	48.50416201	-1.13677353	0.140820315
-123.1020432	48.08240316	-0.798755444	0.476052569
-121.7938782	46.85081097	2.469	6.8208
-122.1874893	47.70875539	-1.825001717	0.166735779
-122.1906809	46.20001345	-34.89464413	4.762808566
-122.6674164	47.75500936	-0.471323559	3.166587423
-122.9700122	46.67542932	-5.529344749	3.651011514
-121.985367	47.2033142	-0.031	5.2248
-122.2080922	47.98149514	-5.517175868	2.569668469
-122.5550826	48.82843576	-2.078	2.2628
-123.0271702	48.53064176	-8.994	1.8768
-122.18749	47.70875512	-0.242	1.0208
-122.8894701	46.11348747	-0.37	3.3658
-123.6023756	46.9775809	-1.393	4.2508
-122.3330609	48.38446133	1.13	3.6948
-122.8437665	47.04647976	2.693	2.3698
-122.8389176	47.04790495	0.896504714	13.19376401
-122.3208061	47.45119807	0.163	1.2158
-122.1366573	47.68066293	0.294	3.3838
-122.2047296	47.97688407	-1.607069907	1.720214022
-122.6701691	42.18069074	-0.396983309	1.135224582
-124.5633457	42.83609877	0.739350301	0.456305831
-122.008427	49.15660803	1.216353237	0.087804667
-123.9781236	45.4865152	0.306015992	0.3921519
-123.3046045	44.58553535	0.427653283	0.139323686
-122.8939588	42.37669393	-0.726409386	1.250115292
-122.4961325	45.61092046	-1.624557908	0.857685682
-123.3415137	43.21100867	0.092833668	0.130630907
-123.2442416	43.11879092	-0.130637595	0.026038026
-122.2876724	49.13800953	-0.96	5.2788
-123.2973799	42.43449401	0.51711813	0.202112331
-123.1091183	44.37756469	-0.95502431	0.197304005
-121.8493615	44.1195263	6.0660426	0.790570326
-121.5060027	43.66460177	-0.102	0.2838
-123.1066654	44.63435139	1.236087208	1.38618385
-124.1077086	43.98360561	1.185057011	12.18681342
-123.0900855	44.05122856	-0.25748342	0.065478088
-122.9557492	44.9738107	-0.071732415	0.08147152
-121.7111619	45.32866922	-5.174064142	2.352457346
-124.0864792	49.29481045	1.690714323	0.124644829
-124.0618866	44.58502473	1.409684355	0.418754166
-123.0981493	44.06596496	-1.198133665	0.34973582
-122.672772	45.50698647	-1.333	0.4538
-124.0140149	42.967378	0.502025501	0.255277081
-123.6855711	42.09897179	0.094598133	0.446897861
-123.632263	42.27535572	0.032567243	0.160602835
-124.2257884	42.20910385	2.329636371	0.089245649
-124.0540484	42.86006366	0.355464851	0.454801182
-124.4092901	43.09032776	2.29342164	0.515951198
-124.2534825	43.39551823	0.60667738	0.282481935
-123.9795938	43.61431059	0.169817109	0.640524451
-124.0615711	44.58524629	-0.313755202	0.162659313
-123.38342	42.50352457	-0.008999674	0.412094046
-123.4294598	43.14010499	0.074911023	0.102355255
-122.6563712	42.19098701	-0.222394762	0.234654096
-123.0578992	43.36327365	-0.121272198	0.415732238
-123.3332744	43.6225191	-0.051739462	0.1853749
-123.5906401	44.38192579	-0.272692871	0.40775446
-123.4269868	44.68925451	0.529395978	0.252166587
-123.1022661	44.94120289	-0.013853906	0.220671892
-122.8870579	44.05211872	-0.306019032	0.259370855
-122.9308814	44.53498241	0.131746585	0.534992329
-122.5770439	44.49650481	-0.404864635	0.024989226
-121.7796973	42.25967042	-0.723188885	0.24539097
-121.7695739	43.17705664	-0.991427392	0.982407674
-122.2172203	44.34218452	-0.50917865	0.506758036
-121.9458338	44.43484833	-1.160947139	0.492766641
-121.5744769	44.29675617	-1.527231293	0.277267006
-123.8575269	45.02227923	0.290283539	0.507483881
-123.8228954	45.3095133	0.502670207	0.424456108
-123.3903279	45.15853381	-0.196876341	0.174651091
-123.6437571	45.62932697	-0.326633426	0.020404248
-123.1522567	45.19037236	0.004962291	0.138127282
-123.931006	45.95464937	1.038165525	0.191665816
-123.2394775	45.85129368	-0.237113963	0.323850559
-123.1574171	45.53799288	0.031897006	0.598944396
-122.5891012	45.22110585	-0.720873514	0.42926223
-122.6928374	45.83486857	-0.956802305	0.370450001
-122.340631	45.43017873	-1.479506715	0.188569658
-121.87736	45.67612783	-1.817071173	0.669068127
-123.8913703	43.39249915	-0.113633813	0.800322597
-124.2932567	42.07663471	2.427782748	0.429857267
-121.880128	42.57983005	-0.167422024	0.877005843
-122.609233	45.59687298	-2.255317693	0.664178329
-121.6867476	43.99067266	-1.961962619	0.482215028
-122.4895059	42.7548447	-0.600231788	1.050605113
-124.8609556	49.25632933	3.238369778	0.27181478
-122.8208594	44.83070752	-0.319995369	0.133644464
-122.7342281	44.3961813	-1.565481789	0.947120036
-122.6919035	49.07418628	-3.562	1.6698
-122.5160721	45.61762718	-0.925608441	1.000605593
-122.9905282	45.52311908	-1.110845334	1.106090321
-122.8700531	45.17086415	-3.633062033	0.436406366
-123.2510515	49.35172068	1.475	4.5588
-122.3295382	49.05217377	1.845	6.1158
-123.0001941	49.25139124	-14.513	6.4168
-122.0025755	49.14657981	-2.635	5.9358
-122.7911203	49.27859092	-3.604	4.3148
-122.6573744	49.10381883	-3.626838726	5.300536071
-123.1471337	49.1151168	-3.089546685	1.204393767
-122.5385361	49.22115543	-2.422483432	1.910404533
-123.9532439	49.18393062	6.065	5.4818
-123.763077	49.47222733	-0.658	4.0788
-122.8600867	49.19208677	-1.666977001	2.496786973
-123.0827713	49.00604286	-0.501	3.2358
-123.0893457	49.27576422	-2.268522201	1.946177065
-121.8497969	44.24578726	-5.639	2.7298
-123.0155786	49.26989234	2.931876222	2.142144638
-123.021821	49.27505552	0.65033964	1.44353021
-122.797395	45.48580656	-1.165559611	0.274074588
-121.7858328	43.22436094	-1.267692664	0.619948799
-122.0893934	42.97599989	-3.25884087	1.715424811
-122.135997	42.89587768	2.732865885	4.739234708
-122.0162978	42.92293561	0.425104915	0.939218319
-122.1491584	42.93425227	-0.181954988	1.514342477
-122.7973957	45.48580632	-2.728	0.9878
-121.5652844	44.5592408	-5.789	6.4658
-121.7125805	44.54839751	0.299	2.2218
-122.1021439	44.5680491	-0.624	1.5168
-122.2360245	44.60214486	0.839	2.5888
-122.9905285	45.52311888	-0.261406309	0.631127829
-121.7838806	42.2241712	-2.225456281	0.710529178
-121.9026657	44.17858762	-6	4.9998
-121.8251672	44.08525025	7.962	1.5638
-122.9755308	45.30005184	-0.176922118	0.370439101
-122.4445659	43.73833854	-2.022607188	0.984554269
-123.0008075	44.89666122	-0.107786479	0.182044641
-124.0745163	44.51452218	-0.664895637	3.982658132
-122.8159466	45.23412943	-0.246	2.3058
-123.1619075	44.04504687	1.309	4.2538
-124.111315	43.98641485	-1.135	4.2008
-122.4159183	45.49764291	-1.535	2.5808
-123.1544352	44.28983605	-0.356	2.5978
-123.0253095	45.51908688	0.042	2.3578
-121.6693323	42.2888147	3.914	1.3408
-121.6696547	42.28881097	2.579	1.6288
-121.6693328	42.28881458	-2.161	0.4298
-121.669655	42.28881091	-1.899	0.4478
-123.2090882	45.18789636	-1.367	2.3348
-124.0611517	44.67484749	2.199	4.8938
-122.4852705	43.74637952	-1.352	3.9538
-124.0488394	44.62527237	-2.774	0.9618
-122.727591	44.39765826	-0.255	4.9248
-122.9553293	44.97298594	0.551	2.8308
-123.1110842	44.55834967	-0.74	2.8648
-123.8462023	45.4855853	-2.226	4.3978
-122.4828184	44.84113054	-0.127589792	0.474414558
-124.4132975	42.44201558	1.480413721	0.476698115
-123.230999	42.69160976	0.447571857	0.664190621
-122.6096357	42.72714188	-0.274078111	0.874655072
-121.6726839	45.34453072	-0.72289948	0.920474265
-122.329538	49.05217409	3.033	1.0198
-122.0025769	49.1465807	-3.199	1.0888
-123.3278409	44.91907789	-0.098105885	2.557060755
-123.32784	44.91907819	-1.514357283	1.413527669
-122.5815353	45.56648877	5.357035997	1.630460958
-121.56368	45.5183031	-2.268233781	0.324406449
-122.0398157	44.09687788	1.455	2.3028
-123.0827708	49.00604326	0.06072108	1.288864743
-124.1077981	43.70100706	-1.289833111	2.783057788
-123.3593858	43.23501745	-1.802277916	1.202604787
-123.9224229	45.9842255	0.863708475	3.694452879
-121.5287667	45.46431438	-1.559	1.9988
-121.8839605	45.69424421	0.668734836	1.851092044
-121.650488	44.1924434	0.544	1.7738
-123.3288263	42.98690886	-0.085405098	0.056851385
-121.7766799	44.02385439	-6.772	3.8258
-121.6195672	44.08980018	-0.86	2.1888
-123.8307675	45.45512942	-0.150433359	2.112590097
-122.562823	45.77957647	-6.79954386	2.704867286
-121.8175634	44.05964204	-7.197987846	0.325431754
-121.8175795	44.05967838	4.110121993	1.816715104
-121.5972754	45.13126447	-1.306014427	0.582578206
-123.2983009	43.63411132	-0.706355488	0.443546871
-122.335	47.604	-0.787340176	0.1
-122.401	47.666	-0.827340176	0.17
-122.401	47.666	-0.747340176	0.17
-122.899	47.043	-0.977340176	0.22
-122.755	48.1125	-0.747340176	0.22
-122.216	47.979	-0.717340176	0.22
-122.216	47.979	-0.537340176	0.22
-124.60417	48.36694	3.022659824	0.22
-122.989	47.044	-0.837340176	0.23
-122.992	47.046	-0.737340176	0.23
-122.992	47.046	-0.637340176	0.23
-122.951	47.037	-0.837340176	0.24
-122.949	47.036	-0.737340176	0.24
-122.947	47.035	-0.637340176	0.24
-122.21556	47.97944	-0.617340176	0.24
-122.179	48.051	-0.277340176	0.24
-123.005	47.054	-0.937340176	0.25
-122.434	47.246	-0.797340176	0.25
-122.434	47.249	-0.797340176	0.25
-122.179	48.051	-0.307340176	0.25
-122.464	47.275	-0.287340176	0.25
-123.43139	48.11972	0.792659824	0.25
-123.43139	48.11861	0.842659824	0.25
-123.4325	48.11611	0.922659824	0.25
-122.17417	48.1	-0.787340176	0.26
-123.017	47.064	-0.637340176	0.26
-122.861	46.815	-0.567340176	0.26
-122.17917	48.05139	-0.477340176	0.26
-123.455	48.11944	0.462659824	0.26
-123.40833	48.10944	0.882659824	0.26
-123.4775	48.11389	1.022659824	0.26
-124.52972	48.34833	3.452659824	0.26
-123.31861	48.10694	0.632659824	0.27
-122.952	46.718	-1.097340176	0.28
-122.953	46.703	-1.007340176	0.28
-123.046	47.086	-0.637340176	0.28
-122.174	48.1	-0.617340176	0.28
-122.174	48.1	-0.457340176	0.28
-123.27194	48.10694	0.482659824	0.28
-123.101	47.121	-0.637340176	0.29
-123.63111	48.11806	1.312659824	0.29
-123.101	47.121	-1.137340176	0.3
-123.17083	48.09333	0.222659824	0.3
-123.68222	48.1225	1.362659824	0.3
-124.612	48.367	3.122659824	0.3
-123.1	47.125	-0.437340176	0.31
-123.04528	48.08028	-0.437340176	0.31
-123.7325	48.13639	1.352659824	0.31
-123.74444	48.13611	1.422659824	0.31
-122.905	46.282	-1.377340176	0.32
-123.096	47.135	-0.547340176	0.32
-123.10083	48.07972	0.182659824	0.32
-123.10083	48.07806	0.232659824	0.32
-123.72722	48.16111	1.512659824	0.32
-123.8	48.13972	1.712659824	0.32
-123.03278	48.04639	0.332659824	0.33
-123.83833	48.15083	1.762659824	0.33
-124.37583	48.28306	2.712659824	0.33
-122.912	46.143	-0.737340176	0.34
-123.117	47.192	-0.237340176	0.34
-122.99778	48.02278	0.472659824	0.34
-122.857	46.034	-0.787340176	0.35
-122.90083	48.05389	-0.147340176	0.35
-122.96694	48.05028	0.262659824	0.35
-122.91556	48.05278	0.452659824	0.35
-123.93444	48.15833	1.822659824	0.35
-123.128	47.209	-1.137340176	0.36
-124.29944	48.26361	2.752659824	0.36
-124.615	48.366	2.762659824	0.36
-123.129	47.215	-1.137340176	0.37
-123.76361	46.20306	1.162659824	0.37
-123.76306	46.20389	1.202659824	0.37
-123.76472	46.20694	1.302659824	0.37
-123.78833	46.19472	1.582659824	0.37
-124.25944	48.25472	2.102659824	0.37
-124.376	48.283	2.522659824	0.37
-124.529	48.348	3.202659824	0.37
-123.129	47.215	-0.937340176	0.38
-123.83194	46.18917	0.672659824	0.38
-123.75167	46.16667	0.692659824	0.38
-123.73111	46.17	0.742659824	0.38
-123.81889	46.18972	0.772659824	0.38
-123.83056	46.19028	0.772659824	0.38
-123.755	46.17167	1.502659824	0.38
-123.82694	46.18861	1.532659824	0.38
-123.80972	46.19056	1.532659824	0.38
-123.83083	46.18833	1.692659824	0.38
-123.8425	46.17139	1.862659824	0.38
-123.85556	46.18722	1.982659824	0.38
-124.3	48.259	2.592659824	0.38
-123.129	47.216	-0.537340176	0.39
-123.84667	46.18972	0.842659824	0.39
-123.83306	46.18944	1.182659824	0.39
-123.68861	46.16944	1.272659824	0.39
-123.83667	46.16639	1.412659824	0.39
-123.83389	46.18972	1.412659824	0.39
-123.66417	46.16306	1.432659824	0.39
-123.67944	46.17306	1.502659824	0.39
-123.68417	46.17056	1.642659824	0.39
-123.84278	46.17306	1.662659824	0.39
-123.8425	46.17222	1.872659824	0.39
-124.259	48.249	1.932659824	0.39
-123.86056	46.15278	2.212659824	0.39
-123.67083	46.16556	0.672659824	0.4
-123.58694	46.18611	1.152659824	0.4
-123.84222	46.17333	1.402659824	0.4
-123.83694	46.17194	1.842659824	0.4
-123.83667	46.16972	1.932659824	0.4
-123.85806	46.15222	2.202659824	0.4
-123.87361	46.14306	2.212659824	0.4
-124.228	48.193	2.262659824	0.4
-124.22278	48.19	2.292659824	0.4
-123.91611	46.09806	2.462659824	0.4
-123.92083	46.11	2.492659824	0.4
-123.96556	46.20833	2.552659824	0.4
-123.96083	46.20694	2.612659824	0.4
-123.96028	46.20056	3.132659824	0.4
-123.137	47.241	-0.537340176	0.41
-123.839	48.147	1.542659824	0.41
-123.935	48.158	1.622659824	0.41
-123.96194	46.20278	2.202659824	0.41
-123.91944	46.10806	2.492659824	0.41
-123.91278	46.06056	2.542659824	0.41
-123.96389	46.205	2.612659824	0.41
-123.92778	46.14917	2.682659824	0.41
-123.2825	46.11278	-0.237340176	0.42
-123.37444	46.13306	0.072659824	0.42
-123.40667	46.15667	0.362659824	0.42
-123.801	48.14	1.492659824	0.42
-123.91306	46.06056	2.232659824	0.42
-123.88667	46.14361	2.402659824	0.42
-123.91444	46.08667	2.532659824	0.42
-123.95167	46.20667	2.742659824	0.42
-123.955	46.20611	2.832659824	0.42
-123.95333	46.20639	2.862659824	0.42
-123.375	46.13278	-0.067340176	0.43
-123.29972	46.11083	-0.017340176	0.43
-123.34972	46.12139	0.002659824	0.43
-123.745	48.137	1.192659824	0.43
-123.92139	46.00139	2.172659824	0.43
-123.94361	46.19917	2.422659824	0.43
-123.91944	46.02806	2.482659824	0.43
-123.20278	46.10444	0.222659824	0.44
-123.734	48.136	1.112659824	0.44
-123.40806	46.16056	-0.537340176	0.45
-123.40722	46.16056	-0.537340176	0.45
-123.07361	46.09889	0.232659824	0.45
-123.727	48.135	1.252659824	0.45
-123.92528	46.19111	2.492659824	0.45
-123.04694	46.09944	0.072659824	0.46
-123.04528	46.09583	0.102659824	0.46
-123.90139	46.14806	2.402659824	0.46
-122.9375	46.12639	-0.337340176	0.47
-122.93306	46.13583	-0.237340176	0.47
-122.93528	46.08917	-0.227340176	0.47
-122.93722	46.12667	-0.227340176	0.47
-123.23944	46.12139	0.812659824	0.47
-123.90417	46.15389	1.772659824	0.47
-123.172	47.317	0.762659824	0.48
-123.161	47.333	-0.337340176	0.49
-123.91194	46.15361	2.862659824	0.49
-123.159	47.369	-0.037340176	0.5
-123.967	46.707	-0.097340176	0.5
-123.441	48.125	0.762659824	0.5
-123.682	48.122	1.122659824	0.5
-123.153	47.376	-0.137340176	0.52
-124.003	46.715	1.032659824	0.52
-123.143	47.401	-0.437340176	0.53
-123.142	47.403	-0.337340176	0.54
-122.3222	47.6649	-0.767454637	0.54332364
-122.3222	47.6649	-0.672054637	0.54332364
-123.125	47.431	-0.237340176	0.55
-123.478	48.105	0.732659824	0.55
-123.441	48.125	0.762659824	0.55
-123.632	48.118	1.072659824	0.56
-124.019	46.723	0.842659824	0.56
-123.12	47.44	-0.137340176	0.57
-123.431	48.119	0.762659824	0.57
-123.113	47.449	-0.137340176	0.58
-123.58611	46.18556	0.122659824	0.58
-123.431	48.118	0.632659824	0.58
-123.433	48.119	0.732659824	0.58
-124.026	46.726	1.512659824	0.58
-123.101	47.464	-0.237340176	0.6
-123.433	48.116	0.862659824	0.6
-124.057	46.73	1.362659824	0.6
-123.408	48.109	0.732659824	0.62
-123.408	48.11	0.862659824	0.62
-124.08	46.744	1.182659824	0.62
-123.319	48.107	0.562659824	0.63
-123.272	48.107	0.452659824	0.64
-124.085	46.787	1.432659824	0.64
-122.759	48.112	-0.937340176	0.65
-123.85556	46.18778	1.612659824	0.65
-124.09	46.796	1.532659824	0.66
-123.319	48.097	0.422659824	0.67
-123.043	47.548	0.162659824	0.68
-123.272	48.093	0.332659824	0.68
-123.267	48.093	0.162659824	0.69
-123.026	47.558	0.262659824	0.69
-123.182	48.081	-0.437340176	0.7
-123.169	48.079	0.162659824	0.7
-124.096	46.817	1.772659824	0.7
-123.42833	46.175	-0.617340176	0.71
-122.972	47.618	-0.047340176	0.71
-123.169	48.079	0.162659824	0.71
-122.941	47.638	0.062659824	0.72
-124.101	46.836	1.112659824	0.72
-123.83694	46.17167	2.012659824	0.73
-123.042	48.051	0.262659824	0.74
-124.105	46.846	1.052659824	0.74
-123.375	46.13278	-0.227340176	0.75
-123.036	48.047	0.262659824	0.75
-124.291	48.072	1.832659824	0.75
-122.899	47.69	0.062659824	0.76
-123.018	48.023	0.462659824	0.76
-124.108	46.855	1.562659824	0.76
-122.888	47.714	0.162659824	0.77
-122.871	48.002	0.272659824	0.77
-124.109	46.858	1.392659824	0.78
-122.886	47.946	0.262659824	0.8
-124.073	46.861	0.882659824	0.8
-122.897	47.765	0.562659824	0.81
-122.905	47.772	0.562659824	0.82
-124.111	46.866	1.652659824	0.82
-124.052	46.871	1.232659824	0.84
-122.4386	47.258609	-0.9103	0.848930371
-122.4375	47.257627	-1.0331	0.849293912
-122.4671	47.275962	-0.9103	0.854818759
-124.048	46.884	1.302659824	0.86
-122.4376	47.232478	-1.1208	0.862515806
-122.4365	47.232771	-1.3489	0.865891632
-124.105	46.884	1.502659824	0.88
-123.90333	46.15389	2.892659824	0.89
-122.4374	47.257259	-0.9804	0.893352298
-122.4377	47.257833	-1.1559	0.893775772
-122.4051	47.239499	-1.1208	0.894724336
-124.104	46.895	1.722659824	0.9
-122.467	47.276026	-0.8401	0.902338749
-122.4683	47.276299	-0.7524	0.902837935
-122.4655	47.17881	-0.6997	0.911466901
-122.5304	47.28041	-0.612	0.916741834
-124.104	46.898	1.592659824	0.92
-122.5129	47.297697	-0.6997	0.920852078
-122.5143	47.297594	-0.7172	0.922137938
-123.92194	46.14944	2.922659824	0.93
-123.957	46.918	0.792659824	0.94
-122.376	47.240628	-0.6296	0.952675741
-123.925	46.929	1.182659824	0.96
-122.4053	47.239529	-1.2611	0.961399574
-122.4052	47.239426	-1.1559	0.96164694
-123.881	46.939	0.962659824	0.98
-122.93306	46.08972	-0.397340176	0.99
-123.92611	46.125	2.302659824	0.99
-123.6019	46.975248	0.6148	0.995970063
-122.41	47.27	-1.567340176	1
-123.819	46.978	1.162659824	1
-123.881	46.939	1.142659824	1
-122.5127	47.297773	-0.5769	1.001056333
-123.6018	46.975142	0.579	1.012040969
-123.599	46.975966	0.3469	1.013437791
-124.382	47.948	1.022659824	1.02
-123.871	46.942	0.562659824	1.02
-123.625	46.976371	0.7933	1.025203976
-122.5977	47.174685	-0.4015	1.034882528
-123.812	46.952	0.062659824	1.04
-122.511	47.143571	-0.3664	1.042203001
-122.3774	47.240677	-0.6296	1.04475504
-122.6032	47.172111	-0.4278	1.04702155
-122.3761	47.240574	-0.7699	1.048587302
-123.853	46.972	1.362659824	1.06
-122.3142	47.273	-0.207154637	1.066933026
-123.625	46.976359	0.7219	1.070021856
-123.812	46.973	0.792659824	1.08
-124.355	47.895	1.112659824	1.08
-123.812	46.973	0.832659824	1.1
-124.258	47.81	2.88	1.11
-122.3347	47.2477	-0.710954637	1.117744852
-122.3339	47.2461	-0.724554637	1.120889593
-122.6317	47.138231	-0.4278	1.128328954
-123.885	46.988	1.242659824	1.14
-123.6437	46.976523	0.329	1.142957894
-123.9125	46.04694	2.782659824	1.15
-123.6883	46.973946	0.2219	1.150820359
-123.5175	46.992632	0.3111	1.153620883
-123.911	47.014	1.162659824	1.16
-121.5947	47.220572	-0.3723	1.165349518
-121.5135	47.205784	-0.3801	1.175351044
-121.612	47.225606	-0.4276	1.176611463
-123.922	47.031	1.082659824	1.18
-123.91	46.02444	2.632659824	1.19
-123.924	47.05	1.022659824	1.2
-124.322	47.752	1.952659824	1.2
-122.1897	47.9774	-0.482854637	1.213666073
-122.1897	47.9774	-0.387554637	1.213666073
-121.4799	47.209706	-0.4152	1.2164477
-123.90972	46.01056	2.802659824	1.22
-123.918	47.075	1.372659824	1.23
-124.349	47.738	1.472659824	1.23
-124.387	47.727	-0.327340176	1.26
-123.6739	46.975017	0.8469	1.263513975
-123.88	47.155	1.392659824	1.29
-123.951	47.198	1.572659824	1.31
-123.6857	46.974086	0.329	1.310839592
-122.183	48.0487	-0.210854637	1.353274288
-122.1843	48.0503	-0.231254637	1.355564808
-123.968	47.233	1.632659824	1.36
-123.405	47.000514	0.0433	1.379081096
-124.385	47.652	-0.03	1.41
-123.911	47.289	1.782659824	1.42
-123.907	47.311	1.802659824	1.43
-122.1849	48.098	-0.551554637	1.446828212
-122.185	48.0995	-0.394954637	1.449667173
-121.8147	47.289674	-0.5574	1.466755015
-123.9	47.374	0.962659824	1.47
-121.8315	47.294842	-0.5642	1.496875998
-123.876	47.434	2.092659824	1.52
-123.891	47.459	2.172659824	1.55
-123.921	47.469	2.132659824	1.57
-124.025	47.472	2.072659824	1.58
-124.333	47.543	-0.867340176	1.59
-123.987	47.479	2.132659824	1.59
-124.105	47.492	1.702659824	1.6
-124.143	47.503	1.442659824	1.61
-124.18	47.518	-0.177340176	1.62
-121.1939	47.244904	-0.2377	1.708365952
-122.8998	47.024686	0.1599	1.709162807
-122.9012	47.024158	0.5722	1.712144749
-121.1885	47.241329	-0.0502	1.714821199
-121.1755	47.234104	-0.2309	1.732072517
-121.1527	47.22168	-0.245	1.763994662
-121.1343	47.217274	-0.5786	1.794964187
-121.8147	47.289674	-0.5921	1.7981015
-123.811	46.977135	1.6683	1.81048815
-121.1148	47.214033	-0.4954	1.829255809
-121.1116	47.213525	-0.3705	1.834935087
-121.8298	47.294341	-0.5156	1.838727128
-121.0943	47.20832	-0.6484	1.864225347
-121.839	47.297891	-0.4183	1.8653003
-121.0834	47.204507	-0.4263	1.882566855
-121.0769	47.202269	-0.5514	1.893611847
-121.8537	47.304826	-0.6334	1.910794254
-121.0563	47.195092	-0.5377	1.928963275
-121.0444	47.186384	-0.1351	1.947273311
-122.8513	47.0415	-0.907454637	1.951079774
-121.0336	47.181463	-0.538	1.965728416
-121.9073	47.328645	-0.7856	2.075721968
-122.2511	47.858533	-0.4717	2.094471744
-121.9268	47.322365	-1.5354	2.106828934
-121.9382	47.325299	-0.8616	2.13862326
-122.2301	47.884444	-0.8752	2.15744138
-122.2298	47.884871	-0.612	2.15845013
-121.9593	47.356904	-0.7295	2.248361898
-122.001	47.362792	-0.5486	2.355691201
-122.3543	48.6166	-0.322554637	2.447716547
-122.3543	48.6166	0.208645363	2.447716547
-122.04692	47.357974	-0.4233	2.45715922
-122.0525	47.357969	-0.7771	2.470849081
-122.9999	46.8146	-0.490954637	2.487161602
-122.0806	47.358163	-0.749	2.540962867
-122.3718	48.6642	0.276545363	2.544204471
-122.3731	48.6658	-0.227454637	2.547522745
-122.3765	48.6673	0.378645363	2.550852129
-122.3749	48.6674	-0.227454637	2.55089261
-122.3883	48.6736	0.984645363	2.564750553
-122.3912	48.6752	0.773545363	2.568306566
-122.9764	46.7164	-1.042054637	2.611285828
-122.4596	48.6975	-0.227554637	2.625579444
-122.4618	48.6975	0.514645363	2.626129063
-122.9719	46.7005	-0.939854637	2.631645055
-122.1212	47.357991	-0.7972	2.643665777
-122.1521	47.357992	-1.026	2.723525698
-122.2513	47.858558	-0.5067	2.761471475
-122.2502	47.859489	-0.6997	2.765198457
-122.176	47.363289	-0.3592	2.793758932
-122.19	47.36834	-1.0603	2.837829828
-122.2346	47.881553	-1.1909	2.843272029
-122.2314	47.883594	-0.805	2.852314553
-122.2312	47.883756	-0.6822	2.852977459
-122.2264	47.887394	-1.1383	2.8682066
-122.211	47.375289	-0.8925	2.903079124
-122.5957	48.891	0.506945363	3.052694708
-122.5955	48.8911	-0.432754637	3.05280761
-122.6455	48.9275	0.581645363	3.145971533
-122.6458	48.9276	-0.269554637	3.146307747
-122.901	46.2817	-1.312454637	3.292045571
-122.8976	46.1421	-0.664854637	3.547211791
-122.8559	46.0326	-0.711954637	3.72409275
-123.85667	45.70917	1.012659824	0.4
-123.8875	45.68694	1.022659824	0.4
-123.83806	45.74889	0.802659824	0.41
-123.85417	45.72889	1.032659824	0.41
-123.83333	45.76139	1.092659824	0.42
-123.83028	45.7725	1.142659824	0.42
-123.88972	45.71056	1.152659824	0.42
-123.82333	45.78056	1.152659824	0.42
-123.91694	45.99889	2.222659824	0.42
-123.92861	45.99333	2.272659824	0.42
-123.92806	45.995	2.382659824	0.42
-123.77056	45.83889	0.872659824	0.43
-123.77944	45.82694	0.952659824	0.43
-123.81389	45.795	1.112659824	0.43
-123.91417	45.935	2.402659824	0.43
-123.925	45.95306	2.432659824	0.43
-123.91694	45.99889	2.552659824	0.43
-123.76889	45.81333	0.732659824	0.44
-123.76472	45.85222	0.862659824	0.44
-123.75833	45.88361	1.092659824	0.44
-123.75889	45.90167	1.092659824	0.44
-123.76139	45.87583	1.232659824	0.44
-123.78639	45.90722	1.462659824	0.44
-123.88444	45.91139	1.852659824	0.44
-123.80389	45.90778	1.992659824	0.44
-123.92167	45.94694	2.442659824	0.44
-123.92333	45.9675	2.442659824	0.44
-123.92222	45.68861	1.272659824	0.84
-123.83306	45.76139	0.722659824	1.16
-123.92222	45.99194	2.492659824	1.25
-123.92222	45.98694	2.372659824	1.26
-123.88417	45.91139	1.872659824	1.36
-123.89	45.91639	2.272659824	1.36
-123.87278	45.90361	1.422659824	1.37
-123.75528	45.8925	1.012659824	1.38
-123.80417	45.90778	1.592659824	1.38
-123.82667	45.90833	1.752659824	1.38
-120.9372	47.193277	-0.1779	2.158688655
-123.45	48.65	0.959272604	0.61010245
-122.3383	47.6017	-0.626967538	0.426497362
-122.7567	48.1117	-0.331713231	0.59319474
-123.9667	46.7067	0.633429012	1.288518529
-122.7567	48.8633	1.518420264	0.259672871
-123.3667	48.4167	0.5586176	0.594995798
-123.44	48.125	1.106708323	0.65553032
-124.6367	47.9133	-0.883112417	0.70500591
-123.7683	46.2067	1.350872483	0.489523578
-123.01	48.5467	0.447935323	0.836440873
-124.6117	48.3667	3.134962472	0.748612049
-123.45	48.7667	0.971953292	1.785599806
-124.4167	48.55	-0.651326398	1.061268895
-123.952013	46.202688	2.3	1.35
-124.045	44.625	-1.141746809	0.453458929
-122.9	49.1833	2.860487197	3.194317872
-123.1833	49.1167	0.536565809	0.991778705
-124.3217	43.345	0.578833528	0.585910972
-124.495	42.7383	0.798932323	0.736495078
-123.1167	49.2833	0.622067453	0.792035353
-123.25	49.3333	0.644429719	0.469712678
-123.9183	45.555	-2.634947477	0.121655251
-124.8167	49.2333	2.209482594	0.248260616