-125.09,43.242,-80.646,33.792
-122.91,43.822,-57.628,33.659
-125.79,49.128,-111.85,38.527
-127.54,48.99,-116.39,38.842
-123.4,46.879,-69.164,36.246
-124.12,43.408,-78.965,33.645
-124.8,43.809,-56.79,34.158
-123.18,43.467,-56.198,33.44
-123.49,43.199,-53.692,33.302
-123.17,45.741,-71.1,35.282
-123,42.927,-37.685,32.95
-121.96,48.173,-103.61,36.984
-123.13,44.656,-36.802,34.395
-122.98,47.413,-77.413,36.58
-122.7,44.079,-51.19,33.819
-123.32,47.777,-90.997,36.942
-124.16,49.015,-127.1,38.084
-123.29,47.948,-90.736,37.071
-123.89,49.606,-123.7,38.486
-124.16,45.508,-55.956,35.337
-125.51,46.187,-81.993,36.213
-124.79,49.91,-125.01,38.9
-126.23,48.781,-107.19,38.368
-124.9,49.216,-127.42,38.396
-126.43,49.755,-119.95,39.139
-127.84,49.598,-93.85,39.357
-124.21,44.084,-63.859,34.214
-125.73,49.342,-110.38,38.674
-123.75,45.274,-68.471,35.047
-123.5,47.37,-84.615,36.657
-125.34,45.825,-69.357,35.889
-127.71,49.51,-85.772,39.264
-124.78,43.71,-61.046,34.074
-124.12,42.042,-64.309,32.543
-124.63,42.796,-73.993,33.3
-125.01,43.578,-62.955,34.036
-124.43,42.719,-72.359,33.18
-123.38,42.99,-42.429,33.102
-122.66,46.664,-69.48,35.912
-122.97,47.007,-69.904,36.254
-123.28,47.372,-80.521,36.611
-123.06,42.799,-40.906,32.86
-122.85,41.33,-98.272,31.59
-122.36,39.928,-50.888,30.272
-123.15,41.538,-91.277,31.845
-122.08,45.854,-58.905,35.13
-123.11,40.427,-62.759,30.916
-122.07,48.651,-109.85,37.387
-122.97,49.132,-113.73,37.937
-122.36,49.012,-110.26,37.727
-122.83,48.857,-110.63,37.693
-122.42,44.804,-59.245,34.346
-122.08,48.255,-110.18,37.074
-122.22,46.791,-66.133,35.921
-122.43,43.602,-46.897,33.36
-123.29,49.914,-117.83,38.607
-122.06,45.21,-65.895,34.598
-122.07,45.075,-64.809,34.488
-121.91,47.456,-64.676,36.397
-122.77,41.6,-95.595,31.791
-122.27,46.292,-51.938,35.528
-122.22,48.539,-110.57,37.326
-122.82,43.989,-52.09,33.774
-122.61,48.43,-106.47,37.314
-123.05,47.227,-75.919,36.446
-123.29,45.786,-71.099,35.346
-123.07,40.456,-61.085,30.928
-123.63,45.208,-67.164,34.965
-123.41,47.285,-78.226,36.571
-123.5,46.555,-66.739,36.01
-123.55,47.775,-95.767,36.989
-123.74,48.338,-113.4,37.47
-123.79,48.294,-114.89,37.446
-124.31,49.097,-124.93,38.178
-122.82,47.94,-93.821,36.967
-122.76,48.506,-105.76,37.403
-122.99,48.163,-97.955,37.178
-123.75,48.529,-122.61,37.622
-126.08,49.852,-107.02,39.133
-126.25,49.922,-118.28,39.223
-124.61,48.857,-122.45,38.059
-124.76,49.507,-130.36,38.588
-123.77,47.954,-101.98,37.176
-123.84,48.457,-118.4,37.583
-123.97,42.658,-63.909,32.997
-125.08,48.896,-119.14,38.191
-124.3,47.931,-111.98,37.275
-124.81,49.466,-129.83,38.567
-124.24,43.618,-71.18,33.848
-125.19,49.011,-119.72,38.303
-125.08,49.094,-122.83,38.342
-125.59,49.634,-104.25,38.863
-126.57,49.854,-119.89,39.244
-124.26,49.937,-134.64,38.813
-124.36,45.978,-55.039,35.757
-126.93,48.849,-123.21,38.587
-127.75,49.335,-67.154,39.146
-124.5,49.942,-134.49,38.866
-125.84,48.265,-104.09,37.887
-124.96,43.612,-64.471,34.047
-125.02,47.969,-104.12,37.467
-124.58,45.345,-60.696,35.313
-125.49,47.132,-91.858,36.937
-125.56,48.095,-102.56,37.69
-127.59,49.594,-92.26,39.295
-125.48,45.544,-79.942,35.708
-125.72,46.512,-81.248,36.518
-124.27,42.408,-66.75,32.883
-124.46,43.155,-79.964,33.538
-125.07,48.678,-115.12,38.024
-124.12,44.014,-64.351,34.133
-124.09,46.992,-85.288,36.493
-124,47.668,-105.23,37.002
-123.68,47.108,-80.484,36.49
-123.83,47.916,-107.04,37.16
-123.9,46.32,-64.707,35.918
-124.07,47.934,-112.12,37.226
-123.54,46.148,-61.532,35.694
-123.46,40.337,-49.987,30.949
-123.97,45.69,-55.828,35.432
-124.41,43.424,-77.653,33.741
-123.89,46.726,-74.38,36.236
-123.18,40.326,-55.225,30.855
-124.11,41.279,-80.73,31.923
-124.35,44.255,-63.723,34.389
-124.54,42.923,-75.639,33.378
-124.75,43.132,-79.924,33.604
-124.25,45.304,-63.794,35.195
-124.53,43.692,-61.283,33.988
-124.93,43.745,-59.74,34.144
-124.84,46.365,-77.251,36.18
-125,42.978,-76.619,33.557
-125.09,42.883,-72.366,33.509
-124.87,44.517,-68.531,34.738
-124.74,45.026,-66.803,35.106
-125.25,47.964,-102.67,37.517
-124.77,42.735,-75.521,33.295
-124.29,41.917,-63.454,32.493
-124.48,42.987,-79.078,33.41
-124.62,40.857,-71.355,31.742
-125.31,45.692,-67.741,35.776
-124.27,41.322,-77.243,32.005
-124.38,41.126,-77.355,31.881
-124.19,41.382,-72.883,32.029
-124.36,41.558,-63.625,32.224
-124.42,40.411,-39.943,31.318
-124.34,41.424,-67.842,32.11
-124.14,41.412,-77.269,32.041
-124.12,40.769,-71.026,31.511
-124.28,43.386,-79.449,33.672
-124.09,46.72,-77.632,36.278
-124.21,42.305,-63.422,32.782
-123.95,44.141,-66.559,34.189
-123.64,40.61,-62.765,31.229
-123.98,40.884,-72.643,31.561
-123.6,40.342,-50.288,30.997
-124.02,41.504,-75.582,32.078
-123.61,40.842,-77.242,31.411
-123.97,43.065,-69.998,33.329
-122.53,40.476,-75.596,30.782
-123.12,41.155,-94.342,31.522
-122.72,40.709,-84.24,31.032
-123.59,42.398,-61.053,32.679
-123.85,45.645,-55.058,35.367
-123.68,43.851,-79.269,33.885
-123.4,43.723,-77.348,33.707
-123.47,40.959,-81.788,31.463
-124.1,43.103,-75.013,33.396
-124.24,43.078,-77.164,33.415
-122.98,45.48,-78.095,35.027
-122.76,47.673,-83.388,36.742
-123.25,43.712,-73.798,33.657
-123.3,45.209,-73.455,34.885
-123.67,42.978,-50.937,33.174
-123.63,43.11,-54.255,33.269
-123.27,41.98,-70.673,32.246
-122.58,45.766,-76.439,35.168
-122.87,43.343,-37.894,33.256
-123.12,48.626,-112.04,37.569
-122.42,44.668,-55.657,34.236
-123.19,41.879,-80.505,32.141
-122.56,43.414,-39.342,33.236
-121.96,47.049,-62.1,36.079
-123,42.828,-40.219,32.868
-122.59,40.744,-89.23,31.024
-122.21,40.101,-64.561,30.374
-122.94,42.046,-75.61,32.208
-123.13,42.397,-56.059,32.549
-123.25,42.508,-53.88,32.674
-122.79,41.202,-98.721,31.466
-122.49,40.206,-61.239,30.545
-122.41,39.659,-42.263,30.063
-123.12,39.887,-44.879,30.472
-122.29,39.758,-47.348,30.109
-123.83,49.453,-123.94,38.356
-122.81,49.467,-116.44,38.169
-122.17,48.379,-110.65,37.188
-123.21,49.552,-118.39,38.311
-122.62,48.621,-107.29,37.467
-123.06,49.475,-116.25,38.221
-123.13,49.016,-113.45,37.876
-123.45,49.559,-120.19,38.363
-124.08,49.46,-124.34,38.411
-124.91,49.586,-126.21,38.679
-123.38,49.013,-118.92,37.924
-123.59,49.448,-121.47,38.303
-123.07,48.661,-106.27,37.586
-122.93,48.778,-108.14,37.651
-122.42,48.387,-107.06,37.242
-123.82,49.892,-128.82,38.691
-122.98,48.737,-110.69,37.628
-123.93,49.789,-128.72,38.634
-122.27,48.3,-112.02,37.145
-122.32,48.657,-108.43,37.439
-122.53,47.652,-77.929,36.677
-122.66,48.388,-103.81,37.29
-122.62,48.054,-100.86,37.017
-122.58,47.921,-95.787,36.903
-122.62,47.749,-89.43,36.773
-122.55,46.971,-68.114,36.136
-122.5,48.138,-103.38,37.06
-122.58,46.7,-69.558,35.925
-121.94,47.185,-61.13,36.184
-122.36,48.422,-110.77,37.26
-122.73,48.738,-108.96,37.58
-121.6,47.763,-75.985,36.586
-122.02,48.127,-106.16,36.958
-121.69,47.861,-85.179,36.683
-121.77,46.916,-60.899,35.931
-121.95,46.695,-58.335,35.789
-121.63,47.221,-58.887,36.153
-122.18,47.061,-64.036,36.132
-121.92,47.32,-61.788,36.29
-122.11,46.378,-52.041,35.563
-122.2,46.113,-54.847,35.368
-121.74,46.683,-56.642,35.737
-121.66,47.087,-58.582,36.049
-121.92,46.83,-60.541,35.893
-121.9,46.381,-49.581,35.523
-122.33,40.773,-89.233,30.973
-122.08,44.939,-64.438,34.379
-122.02,46.428,-48.567,35.586
-122.24,45.086,-67.4,34.536
-122.43,45.99,-66.337,35.317
-122.07,46.296,-45.909,35.488
-122.38,45.891,-67.454,35.227
-122.88,43.956,-55.867,33.762
-122.8,45.449,-77.45,34.962
-122.59,44.679,-48.773,34.284
-122.47,46.303,-63.127,35.58
-122.57,45.901,-74.869,35.275
-122.72,46.395,-72.248,35.708
-122.55,46.251,-70.773,35.556
-122.69,46.529,-70.48,35.809
-122.64,46.431,-72.82,35.72
-122.16,47.196,-62.471,36.238
-122.48,46.518,-68.105,35.757
-122.2,46.926,-65.759,36.026
-122.14,48.044,-101.13,36.915
-122.06,47.505,-63.401,36.466
-122.39,47.195,-65.77,36.282
-122.08,47.233,-60.255,36.252
-122.64,46.799,-68.857,36.016
-123.07,47.634,-84.993,36.774
-123.8,48.902,-127.12,37.922
-123.06,47.498,-82.169,36.665
-123.06,48.289,-102.49,37.292
-122.89,47.903,-91.695,36.95
-123.19,43.98,-68.31,33.86
-122.56,46.836,-69.375,36.03
-122.45,46.653,-68.205,35.859
-122.37,47.467,-70.534,36.498
-122.61,47.206,-69.706,36.337
-122.68,46.297,-78.493,35.619
-122.94,46.288,-74.61,35.671
-122.97,46.155,-77.497,35.57
-122.75,45.893,-83.521,35.31
-123.09,46.2,-76.76,35.633
-123.13,43.596,-61.906,33.531
-122.83,47.5,-80.915,36.618
-123.06,46.334,-76.171,35.735
-122.83,47.095,-71.376,36.294
-122.81,46.592,-72.003,35.887
-123.35,45.886,-63.211,35.442
-123.16,46.147,-71.157,35.607
-123.31,45.345,-76.651,34.996
-123.28,45.65,-72.925,35.235
-123.51,46.42,-65.251,35.905
-123.24,44.972,-42.46,34.679
-123.33,45.615,-67.109,35.219
-123.17,46.012,-69.903,35.501
-123.67,45.615,-49.894,35.301
-123.7,46.429,-65.957,35.958
-123.71,45.886,-53.614,35.525
-123.47,46.827,-70.347,36.221
-123.39,47.014,-71.784,36.352
-123.66,46.194,-61.693,35.759
-123.2,47.275,-76.03,36.516
-123.48,46.067,-64.218,35.616
-123.46,47.69,-89.579,36.902
-123.41,48.041,-100.15,37.168
-123.89,46.591,-71.16,36.13
-123.74,47.514,-93.649,36.824
-124.01,47.972,-109.4,37.241
-123.99,48.529,-124.47,37.672
-124.82,49.092,-125.59,38.283
-124.2,48.785,-126.79,37.915
-124.2,48.566,-124.61,37.744
-124.67,49.584,-131.91,38.627
-123.98,48.336,-117.56,37.52
-124.36,48.857,-124.4,38.004
-123.55,48.295,-112.12,37.397
-123.64,48.416,-117.53,37.51
-123.23,48.163,-99.461,37.226
-123.41,48.207,-99.892,37.299
-122.6,47.478,-77.008,36.553
-122.84,47.635,-85.029,36.727
-122.96,48.546,-103.8,37.474
-122.87,48.621,-108.13,37.515
-123.33,48.67,-110.95,37.645
-124.86,49.626,-128.95,38.7
-123.69,48.787,-123.15,37.811
-123.87,48.639,-125.97,37.732
-125.74,49.511,-107.85,38.803
-124.25,49.726,-129.95,38.65
-124.05,48.898,-128.22,37.971
-124.38,49.833,-133.74,38.758
-125.03,49.913,-108.47,38.953
-122.97,49.545,-116.93,38.26
-124.55,49.906,-132.76,38.847
-124.62,49.838,-133.53,38.811
-124.62,49.621,-131.87,38.646
-124.73,49.342,-129.6,38.455
-124.23,49.342,-124.78,38.35
-123.83,48.672,-125.06,37.749
-124.14,48.227,-115.34,37.47
-125.1,49.627,-120.65,38.752
-125.02,49.703,-116.32,38.79
-124.92,49.384,-127.91,38.527
-124.86,49.841,-128.31,38.863
-125.5,49.711,-101.4,38.9
-125.15,49.589,-112.52,38.733
-126.45,49.96,-118.79,39.296
-126.18,49.214,-118.61,38.681
-125.59,48.69,-110.33,38.15
-125.98,49.713,-113.78,39.008
-125.86,49.256,-112.55,38.639
-126.35,49.823,-120.42,39.172
-125.98,49.343,-115.18,38.732
-124.43,48.187,-114.12,37.503
-125.24,48.968,-116.68,38.281
-124.38,47.404,-104.43,36.882
-124.38,48.233,-114.5,37.527
-125.33,48.685,-112.33,38.087
-124.54,46.006,-54.031,35.824
-125.11,48.445,-107.53,37.854
-124.81,48.47,-113.86,37.805
-125.77,48.757,-110.5,38.242
-125.6,48.892,-111.86,38.304
-125.73,48.789,-109.61,38.257
-125.13,47.883,-104.37,37.428
-125.21,48.375,-106.2,37.823
-125.09,47.571,-104.26,37.178
-125.09,48.095,-103.53,37.58
-124.58,43.326,-79.896,33.71
-125.5,48.335,-105.09,37.859
-124.71,44.347,-65.735,34.559
-126.44,49.207,-122.92,38.735
-125.48,47.969,-101.69,37.576
-126.02,48.968,-113.13,38.459
-125.46,48.378,-104.78,37.882
-126.31,49.125,-118.27,38.645
-125.59,48.254,-103.19,37.82
-126.74,49.922,-113.72,39.333
-126.61,49.597,-122.15,39.065
-126.71,49.717,-118.55,39.176
-126.48,49.515,-124.3,38.974
-126.15,48.852,-113.25,38.403
-127.22,49.92,-104.71,39.444
-127.08,49.822,-99.426,39.339
-126.8,49.636,-119.04,39.139
-125.51,48.132,-102.37,37.706
-126.74,49.335,-123.13,38.901
-126.49,48.783,-111.79,38.431
-126.79,49.467,-120.74,39.01
-126.75,48.993,-120.85,38.649
-126.95,49.716,-110.04,39.232
-126.83,49.115,-122.85,38.76
-127.81,49.82,-111.22,39.511
-126.69,49.96,-115.8,39.351
-127.29,49.637,-103.87,39.254
-126.63,48.263,-106.47,38.079
-127.5,49.332,-89.575,39.082
-127.4,49.243,-103.78,38.992
-127.17,49.378,-109.82,39.036
-126.01,47.794,-101.56,37.571
-127.29,49.466,-100.72,39.128
-126.88,49.246,-122.55,38.869
-127.35,49.112,-115.16,38.885
-126.09,47.558,-100.27,37.413
-126.74,48.378,-109.51,38.191
-126.39,48.06,-98.602,37.866
-125.5,46.355,-79.793,36.34
-126.73,48.582,-111.59,38.34
-126.39,48.25,-104.65,38.007
-126.07,47.922,-99.562,37.683
-125.94,48.383,-105.73,38
-125.66,47.855,-102.57,37.531
-126.09,48.276,-105.38,37.955
-126.12,48.656,-111.98,38.247
-126.22,48.569,-109.95,38.207
-126.63,49.074,-121.47,38.682
-126.6,48.694,-112.28,38.39
-126.48,48.994,-118.29,38.587
-126.37,48.661,-112.66,38.312
-125.93,48.591,-106.25,38.155
-125.8,48.108,-104.2,37.758
-125.2,47.484,-102.84,37.137
-125.31,47.577,-103.08,37.236
-125.34,47.072,-91.358,36.854
-125.25,47.448,-102.21,37.121
-125.02,46.374,-78.516,36.233
-125.13,47.05,-94.467,36.785
-125.26,46.669,-85.105,36.523
-125.07,47.087,-94.645,36.799
-125.28,47.11,-96.312,36.868
-125.3,47.244,-97.764,36.978
-125.94,47.309,-82.801,37.186
-125.81,46.606,-82.021,36.614
-125.64,46.246,-81.902,36.294
-125.73,47.288,-88.893,37.116
-125.56,46.622,-81.847,36.563
-125.36,46.293,-79.946,36.257
-125.67,48.02,-102.12,37.659
-125.64,46.075,-82.405,36.162
-125.52,45.677,-79.965,35.822
-125.44,45.583,-72.586,35.728
-125.42,46.09,-78.646,36.115
-125.6,45.943,-81.622,36.049
-125.28,46.195,-72.43,36.159
-125.52,45.849,-75.175,35.954
-125.58,46.453,-81.449,36.437
-125.46,46.222,-76.682,36.228
-125.13,46.302,-75.822,36.204
-125.09,46.779,-85.726,36.566
-125.29,46.027,-78.985,36.032
-125.35,45.657,-76.864,35.761
-125.11,45.998,-72.713,35.963
-125.32,44.337,-63.572,34.721
-124.6,45.479,-56.649,35.425
-124.72,47.048,-95.864,36.684
-124.28,46.457,-72.918,36.116
-124.41,45.335,-62.834,35.263
-124.51,45.57,-56.007,35.473
-124.79,48.118,-107.43,37.529
-124.81,46.23,-72.225,36.069
-124.41,46.519,-73.237,36.197
-124.72,44.211,-61.78,34.453
-124.94,46.275,-71.323,36.136
-124.99,46.239,-76.087,36.121
-124.94,47.177,-98.407,36.838
-124.96,46.41,-77.709,36.247
-125.19,47.318,-100.72,37.007
-124.67,46.509,-79.491,36.25
-124.92,47.707,-107.43,37.242
-124.65,47.085,-94.572,36.697
-125.07,46.644,-83.618,36.455
-124.64,46.95,-90.662,36.589
-124.85,46.5,-80.8,36.29
-124.41,46.384,-68.224,36.088
-124.48,46.618,-81.414,36.292
-124.45,47.671,-110.91,37.107
-124.43,46.077,-61.792,35.854
-124.6,48.066,-109.88,37.447
-124.53,47.159,-98.203,36.725
-124.03,47.043,-82.454,36.518
-124.02,46.637,-71.135,36.197
-123.9,46.185,-61.133,35.811
-124.02,46.095,-57.836,35.767
-123.64,45.344,-63.521,35.077
-123.83,45.51,-56.8,35.255
-123.93,43.931,-73.323,34.014
-123.98,45.363,-61.373,35.175
-123.99,45.825,-55.296,35.544
-124.02,46.772,-74.633,36.304
-124.31,45.404,-57.991,35.293
-124.16,45.814,-53.649,35.578
-124.03,45.77,-52.724,35.513
-124.06,45.905,-54.382,35.625
-123.62,45.072,-64.46,34.854
-123.88,45.914,-55.339,35.591
-123.56,44.698,-48.334,34.536
-123.81,45.375,-59.57,35.144
-123.62,44.529,-58.467,34.415
-123.83,43.889,-74.876,33.955
-123.87,43.756,-76.837,33.856
-123.66,43.986,-74.701,33.987
-123.99,42.93,-66.645,33.223
-123.92,43.626,-78.338,33.765
-123.9,42.419,-59.57,32.783
-123.45,44.654,-49.417,34.474
-123.7,41.756,-73.666,32.187
-123.81,42.986,-56.608,33.218
-123.55,41.225,-85.336,31.705
-123.86,42.923,-62.326,33.181
-124.07,42.564,-64.397,32.95
-123.83,43.36,-74.08,33.527
-123.89,41.902,-67.144,32.363
-124.36,42.949,-76.935,33.344
-124.02,43.268,-75.773,33.504
-124.31,43.252,-80.369,33.574
-124.29,43.916,-60.013,34.1
-123.97,44.005,-67.879,34.085
-124.33,42.814,-72.614,33.228
-124.21,41.516,-67.42,32.145
-124.5,43.122,-80.971,33.524
-124.53,42.624,-71.307,33.133
-124.59,43.192,-82.141,33.605
-124.52,41.994,-63.104,32.625
-124.37,43.556,-72.789,33.835
-123.99,43.87,-69.647,33.982
-124.26,44.728,-72.007,34.74
-124.46,43.722,-63.192,33.993
-123.93,44.685,-66.364,34.621
-123.93,44.821,-68.633,34.73
-123.88,44.878,-65.139,34.763
-124.13,45.237,-63.192,35.113
-124.25,44.864,-71.689,34.848
-124.44,43.952,-58.102,34.17
-124.52,44.534,-70.161,34.655
-124.48,45.435,-57.782,35.361
-124.73,44.075,-57.935,34.347
-124.2,44.762,-70.204,34.753
-124.56,43.86,-58.262,34.132
-124.4,44.357,-67.006,34.483
-124.69,43.671,-60.608,34.018
-124.54,45.075,-68.508,35.09
-124.75,43.94,-56.006,34.248
-124.69,43.973,-55.571,34.257
-124.98,45.463,-66.776,35.511
-124.88,46.005,-60.626,35.911
-124.97,44.449,-65.832,34.711
-124.85,44.958,-69.157,35.078
-125.21,45.291,-64.261,35.438
-125.19,44.045,-59.788,34.455
-124.86,43.137,-78.095,33.642
-125.03,43.443,-69.318,33.933
-124.9,43.975,-56.486,34.317
-124.9,44.923,-67.152,35.066
-124.76,42.902,-76.608,33.425
-125.02,43.307,-74.369,33.824
-124.88,42.94,-77.863,33.491
-125.07,41.951,-68.85,32.763
-125.28,44.106,-59.866,34.528
-125.38,43.711,-62.071,34.248
-125.08,42.747,-71.586,33.398
-125.25,42.879,-62.858,33.553
-125.03,42.947,-68.296,33.541
-125.1,42.581,-78.786,33.272
-124.64,41.525,-61.488,32.286
-124.64,42.096,-64.834,32.745
-124.85,43.677,-60.031,34.066
-125.04,43.11,-76.039,33.674
-124.71,43.197,-80.265,33.646
-124.89,43.408,-70.527,33.866
-124.68,42.865,-76.698,33.371
-124.72,42.631,-71.5,33.197
-124.61,42.661,-71.245,33.187
-124.55,42.195,-66.762,32.795
-124.32,41.589,-67.896,32.236
-124.49,41.522,-64.065,32.238
-124.74,41.598,-60.549,32.377
-124.68,41.333,-69.336,32.144
-124.43,41.027,-76.325,31.819
-124.83,41.375,-65.265,32.226
-124.78,42.137,-67.617,32.819
-124.79,40.876,-78.153,31.812
-124.67,42.362,-67.885,32.966
-124.63,42.23,-66.678,32.85
-124.95,41.744,-57.987,32.559
-125.09,41.651,-61.322,32.53
-125.11,41.92,-70.058,32.752
-125.2,42.781,-68.899,33.462
-124.85,41.003,-84.975,31.934
-125.02,42.348,-56.014,33.061
-124.91,41.775,-58.474,32.57
-125.01,41.389,-79.043,32.296
-124.76,42.27,-68.126,32.92
-124.87,41.506,-65.552,32.346
-124.71,40.639,-58.578,31.598
-124.76,40.903,-66.703,31.825
-125.02,41.202,-82.158,32.151
-124.72,40.773,-63.881,31.707
-124.85,40.82,-59.412,31.789
-124.76,40.744,-59.091,31.698
-123.88,40.216,-41.742,30.983
-124.64,40.83,-47.452,31.729
-124.82,41.03,-69.935,31.947
-124.57,40.592,-53.128,31.514
-124.31,41.064,-78.896,31.81
-124.19,40.33,-40.523,31.178
-124.7,40.958,-66.829,31.851
-124.7,41.93,-64.416,32.63
-124.25,41.162,-77.679,31.872
-124.02,40.264,-31.239,31.067
-124.43,40.545,-48.462,31.431
-123.92,40.187,-39.119,30.972
-123.98,42.163,-66.617,32.601
-123.74,40.302,-42.781,31.011
-123.92,41.47,-75.764,32.02
-124.07,41.147,-82.077,31.803
-124.13,40.928,-76.413,31.644
-124.22,41.191,-80.266,31.885
-124.33,40.994,-76.819,31.761
-124.57,42.392,-68.17,32.959
-124.48,42.356,-69.126,32.904
-124.13,42.467,-63.526,32.89
-124.06,41.638,-71.055,32.198
-124.02,41.871,-65.693,32.374
-124.17,41.546,-71.248,32.157
-124.08,42.137,-64.73,32.607
-124.06,41.474,-71.782,32.065
-123.69,41.268,-83.246,31.785
-123.78,40.938,-79.03,31.541
-124.12,42.268,-66.605,32.727
-123.9,42.253,-66.432,32.65
-123.76,41.371,-79.113,31.891
-123.86,42.121,-64.52,32.53
-123.69,41.105,-82.859,31.653
-123.74,40.805,-73.194,31.42
-123.29,40.658,-70.2,31.163
-123.46,41.78,-77.3,32.137
-123.54,40.738,-70.21,31.304
-123.68,40.742,-70.098,31.35
-123.52,40.173,-46.966,30.834
-123.61,40.476,-56.263,31.109
-124.04,41.339,-76.948,31.948
-123.8,40.705,-65.367,31.357
-123.7,40.672,-66.545,31.299
-123.75,40.167,-38.916,30.9
-123.34,40.017,-43.449,30.649
-123.32,40.288,-49.844,30.866
-123.24,40.39,-56.819,30.924
-123.4,40.529,-64.855,31.088
-123.38,41.516,-86.108,31.895
-123.33,40.153,-45.853,30.757
-123.21,40.461,-62.104,30.973
-123.93,42.69,-55.662,33.013
-122.77,40.218,-52.344,30.638
-123.04,40.186,-48.164,30.695
-122.98,40.989,-92.301,31.343
-123.08,39.916,-42.931,30.481
-122.98,40.422,-61.675,30.87
-122.78,40.353,-60.49,30.755
-122.99,39.882,-43.23,30.425
-122.81,39.814,-41.218,30.313
-122.65,40.808,-89.707,31.096
-122.95,40.151,-48.548,30.638
-122.67,40.14,-53.116,30.544
-122.93,39.954,-43.632,30.468
-122.64,40.305,-60.761,30.672
-122.68,39.763,-40.921,30.23
-123.33,41.385,-89.244,31.773
-123.14,40.561,-69.482,31.035
-122.9,40.725,-82.923,31.1
-122.82,40.054,-47.746,30.517
-122.92,41.458,-95.727,31.713
-122.79,41.513,-98.829,31.723
-123.22,41.416,-91.223,31.765
-123.24,40.595,-69.061,31.093
-123.38,41.742,-77.757,32.08
-123.41,41.487,-82.12,31.88
-123.34,40.994,-86.116,31.454
-123.5,41.75,-74.073,32.121
-123.24,40.96,-86.11,31.396
-123.13,40.724,-76.149,31.167
-123.7,41.593,-75.487,32.053
-123.27,40.729,-75.743,31.213
-123.61,41.72,-74.194,32.13
-123.68,42.272,-62.432,32.602
-123.73,41.891,-70.019,32.305
-123.53,41.455,-81.724,31.889
-123.54,41.881,-70.837,32.241
-123.65,42.303,-58.978,32.618
-123.72,42.541,-60.988,32.833
-123.69,43.08,-57.167,33.261
-123.29,44.667,-41.112,34.444
-123.14,45.334,-80.264,34.948
-123.66,43.749,-82.502,33.795
-123.39,44.712,-43.868,34.506
-123.57,44.426,-56.906,34.32
-123.45,44.79,-50.963,34.583
-123.56,44.562,-49.963,34.428
-123.45,44.926,-54.181,34.694
-123.61,44.8,-59.857,34.632
-123.47,45.198,-69.691,34.916
-123.45,43.592,-76.421,33.612
-123.63,44.393,-60.189,34.307
-123.32,44.261,-55.834,34.122
-123.15,45.47,-77.916,35.059
-123.64,43.21,-57.351,33.352
-123.63,43.883,-80.211,33.895
-123.11,43.496,-53.369,33.446
-123.72,42.947,-56.097,33.163
-123.29,44.803,-40.389,34.554
-123.16,45.605,-73.248,35.17
-122.97,45.075,-61.258,34.696
-122.81,45.585,-77.38,35.073
-123.05,43.861,-65.022,33.729
-122.78,44.26,-41.519,33.987
-122.92,43.587,-48.233,33.47
-123.32,43.118,-42.853,33.191
-122.98,43.556,-54.243,33.461
-123.32,42.684,-47.885,32.837
-123.18,43.176,-43.21,33.202
-123.39,42.024,-69.34,32.317
-123.41,42.185,-65.755,32.453
-123.52,42.194,-62.784,32.492
-123.25,41.796,-81.805,32.09
-123.43,41.872,-73.876,32.202
-123.25,42.009,-74.288,32.263
-123.33,42.412,-58.066,32.616
-123.08,42.563,-51.71,32.672
-123.18,42.707,-44.726,32.818
-122.77,42.97,-32.813,32.924
-123.1,42.126,-66.944,32.319
-122.28,43.588,-49.31,33.31
-122.11,44.531,-63.624,34.049
-122.5,43.99,-50.382,33.697
-122.4,43.945,-51.945,33.636
-122.6,43.588,-43.45,33.39
-123.21,42.778,-44.571,32.884
-122.64,45.711,-79.054,35.137
-122.45,45.856,-70.313,35.212
-122.58,45.63,-76.791,35.057
-122.64,44.138,-47.697,33.852
-122.4,45.348,-71.614,34.787
-122.23,45.358,-70.561,34.756
-122.44,44.396,-51.251,34.017
-122.25,44.815,-63.689,34.317
-122.62,44.273,-44.379,33.958
-122.66,44.003,-50.005,33.746
-122.85,42.915,-36.239,32.901
-122.3,44.894,-63.943,34.394
-122.4,43.735,-50.369,33.461
-122.47,44.906,-60.869,34.441
-122.21,43.855,-54.438,33.514
-122.3,43.69,-50.848,33.401
-122.45,43.298,-37.47,33.114
-122.98,42.316,-61.988,32.44
-122.53,43.078,-32.076,32.952
-122.74,41.773,-93.187,31.925
-122.83,42.035,-79.694,32.168
-122.52,41.401,-99.025,31.553
-122.07,39.958,-61.244,30.213
-122.39,40.836,-92.392,31.046
-122.27,40.869,-92.325,31.039
-122.43,41.033,-96.428,31.22
-122.3,41.026,-92.023,31.179
-122.8,41.902,-86.674,32.048
-122.37,41.153,-94.707,31.304
-122.86,41.638,-95.465,31.847
-122.44,40.967,-96.132,31.169
-123.04,41.775,-85.331,32.011
-123.07,42.156,-70.825,32.335
-122.69,41.232,-100.35,31.459
-122.5,39.935,-48.232,30.32
-122.53,40.842,-93.646,31.089
-122.22,40.237,-69.032,30.49
-122.49,41.161,-98.691,31.345
-122.37,40.904,-93.284,31.097
-122.38,39.793,-46.103,30.166
-122.4,40.171,-62.54,30.488
-122.54,40.27,-61.82,30.614
-122.53,39.8,-43.903,30.215
-122.59,39.728,-41.712,30.174
-122.26,40.029,-58.62,30.327
-122.47,39.632,-42.319,30.056
-122.12,39.93,-59.805,30.203
-122.07,40.094,-66.145,30.328
-122.14,40.337,-74.126,30.551
-122.12,40.201,-69.59,30.433
-122.26,40.506,-79.008,30.729
-122.29,40.64,-84.298,30.851
-122.19,40.767,-84.936,30.93
-122.09,39.823,-55.794,30.102
-123.45,49.776,-120.89,38.53
-122.94,49.362,-115.57,38.111
-123.1,49.438,-117.57,38.201
-123.33,49.88,-124.04,38.588
-123.09,49.658,-117.74,38.37
-123.17,49.804,-116.65,38.498
-122.51,49.093,-114.18,37.819
-122.17,48.771,-108.38,37.5
-122.87,49.209,-114.75,37.979
-122.67,48.775,-107.41,37.598
-122.98,49.324,-116.14,38.09
-123.17,49.588,-117.29,38.331
-122.69,49.355,-116.98,38.059
-122.85,49.433,-116.25,38.151
-122.58,49.243,-116.25,37.949
-122.74,49.321,-115.81,38.041
-122.72,49.133,-114.35,37.89
-122.92,48.976,-112.45,37.805
-122.57,48.854,-110.01,37.641
-122.83,49.248,-115.29,38.001
-122.77,49.093,-113.34,37.867
-122.62,49.208,-115.41,37.931
-122.46,49.129,-113.72,37.839
-123.3,49.48,-118.72,38.271
-123.53,49.921,-125.99,38.658
-123.33,49.665,-119.23,38.421
-122.93,49.58,-115.89,38.279
-123.21,49.769,-118.95,38.479
-123.05,49.692,-115.95,38.389
-123.41,49.594,-119.7,38.382
-123.65,49.817,-121.81,38.601
-123.29,49.7,-118.21,38.441
-123.77,49.927,-129.43,38.71
-123.57,49.886,-126.97,38.639
-123.41,49.811,-119.23,38.55
-123.19,49.365,-116.79,38.16
-123.33,49.254,-119.55,38.101
-123.57,49.672,-121.01,38.473
-123.7,49.564,-121.17,38.414
-123.69,49.783,-123.65,38.582
-124.14,49.827,-131.16,38.704
-124.02,49.932,-132.57,38.761
-124.3,49.902,-134.58,38.794
-124.06,49.897,-132.52,38.742
-124.01,49.719,-128.04,38.596
-123.89,49.823,-125.76,38.653
-123.94,49.57,-124.82,38.467
-123.81,49.678,-124.97,38.525
-123.65,49.601,-121.84,38.435
-123.53,49.707,-120.43,38.492
-123.77,49.714,-122.86,38.545
-123.78,49.49,-123.75,38.374
-123.98,49.342,-124.75,38.299
-123.73,49.335,-125.08,38.244
-123.74,49.139,-127.19,38.094
-123.63,49.216,-124.64,38.131
-123.7,48.981,-126.81,37.963
-123.53,49.095,-124.06,38.019
-123.28,49.094,-119.3,37.966
-123.48,49.134,-122.78,38.038
-123.43,49.371,-121.55,38.213
-123.48,49.331,-122,38.191
-123.02,49.095,-114.58,37.918
-123.68,49.372,-124.64,38.263
-123.54,49.486,-122.08,38.324
-123.34,49.444,-119.97,38.253
-123.08,49.25,-115.15,38.049
-123.38,49.213,-121.31,38.079
-123.23,49.329,-119.01,38.142
-123.23,49.135,-116.41,37.989
-123.13,49.213,-117.07,38.03
-122.67,48.974,-111.89,37.754
-122.47,48.734,-108.27,37.528
-122.37,48.616,-107.79,37.415
-122.52,48.505,-106.35,37.355
-122.47,48.54,-108.17,37.373
-122.72,48.546,-104.82,37.426
-122.57,48.657,-106.38,37.486
-122.82,48.662,-105.58,37.539
-123.03,48.897,-110.76,37.764
-122.87,49.014,-112.29,37.825
-123.44,48.975,-121.85,37.906
-123.18,48.974,-116.22,37.853
-123.34,48.857,-119.17,37.793
-123.6,48.863,-124.45,37.851
-123.01,48.512,-108.18,37.457
-123.15,48.41,-107.84,37.406
-122.9,48.396,-104.22,37.344
-122.93,48.2,-98.964,37.195
-123.23,48.74,-115.54,37.681
-123.08,48.855,-113.4,37.74
-122.44,48.183,-109.1,37.085
-122.74,48.146,-99.195,37.115
-122.85,48.43,-102.87,37.361
-122.87,48.072,-96.415,37.081
-122.69,48.016,-96.825,37
-122.54,47.107,-66.311,36.243
-122.41,47.873,-95.57,36.831
-122.31,47.787,-83.675,36.742
-122.57,48.265,-103.65,37.175
-122.38,48.054,-104.69,36.97
-122.33,48.264,-108.37,37.128
-122.45,48.007,-101.47,36.945
-122.52,48.309,-108.5,37.2
-122.76,48.31,-103.4,37.247
-122.2,48.174,-109.94,37.03
-122.26,48.137,-108.18,37.013
-121.9,48.043,-94.798,36.869
-122.17,47.873,-92.8,36.784
-122.21,48.006,-102.46,36.898
-122.34,47.921,-95.155,36.856
-121.84,47.775,-77.919,36.641
-122.07,47.776,-78.776,36.687
-121.67,47.726,-77.928,36.57
-121.82,47.64,-71.013,36.53
-121.97,47.996,-97.181,36.843
-121.84,48.253,-107.4,37.027
-121.93,48.377,-110.82,37.141
-122.03,48.299,-109.14,37.099
-121.93,47.862,-86.988,36.729
-122.1,47.911,-89.082,36.801
-122.22,48.734,-108.27,37.481
-122.42,48.776,-107.62,37.552
-122.77,48.894,-110,37.712
-122.62,49.015,-112.02,37.777
-122.41,48.975,-111.73,37.707
-122.52,48.896,-109.2,37.665
-122.12,48.615,-109.27,37.368
-122.27,48.498,-109.07,37.302
-121.97,48.532,-110.09,37.273
-122.12,48.421,-111.33,37.213
-121.79,48.289,-102.82,37.045
-122.02,48.497,-110.95,37.255
-122.26,48.892,-108.28,37.614
-122.32,48.855,-109.3,37.594
-121.87,48.412,-107.75,37.16
-121.71,48.163,-95.695,36.93
-121.78,48.126,-101.27,36.912
-121.86,47.91,-85.928,36.754
-121.66,48.032,-88.87,36.814
-121.62,47.898,-82.068,36.7
-121.73,47.994,-93.23,36.797
-121.59,47.628,-70.269,36.475
-121.67,47.59,-71.368,36.459
-121.74,47.05,-60.147,36.035
-121.71,47.185,-60.345,36.14
-121.86,47.234,-59.886,36.208
-121.69,47.32,-61.938,36.245
-121.61,47.356,-61.394,36.259
-121.67,47.455,-65.827,36.351
-121.59,47.492,-65.154,36.366
-122.15,47.332,-63.264,36.345
-122.06,47.641,-69.744,36.576
-121.91,47.727,-78.401,36.616
-121.88,47.099,-59.746,36.103
-122.1,47.098,-61.855,36.146
-122.14,47.467,-66.367,36.452
-121.84,47.369,-61.167,36.313
-121.69,46.952,-58.382,35.945
-121.9,46.964,-61.096,35.998
-122.24,46.656,-64.362,35.818
-121.98,46.914,-63.146,35.973
-122.27,46.522,-61.798,35.716
-122.01,46.779,-62.331,35.868
-122.35,46.257,-59.957,35.517
-122.07,46.511,-55.14,35.663
-122.31,46.389,-59.989,35.615
-121.98,46.561,-53.255,35.687
-122.15,46.245,-51.602,35.465
-121.87,46.284,-47.403,35.437
-121.86,46.514,-53.86,35.622
-121.82,46.416,-50.167,35.534
-121.79,46.781,-60.207,35.827
-121.71,46.817,-58.201,35.84
-121.78,46.549,-53.643,35.634
-121.82,46.647,-58.205,35.724
-121.95,46.25,-46.79,35.426
-121.92,46.153,-46.898,35.341
-122.24,45.98,-60.114,35.268
-122,46.119,-47.7,35.33
-122.29,45.574,-72.291,34.946
-122.04,45.754,-62.309,35.039
-122.05,45.619,-66.67,34.931
-122.1,45.719,-65.244,35.024
-121.97,46.022,-50.009,35.244
-122.11,45.312,-70.356,34.693
-122.14,44.769,-64.121,34.254
-122.12,45.176,-68.793,34.583
-122.15,44.633,-62.539,34.145
-122.23,45.222,-69.06,34.646
-122.05,45.483,-68.071,34.82
-122.06,45.346,-67.408,34.709
-122.11,45.447,-70.891,34.804
-122.23,45.493,-71.024,34.867
-122.11,45.583,-69.322,34.915
-122.13,45.04,-67.186,34.473
-122.36,43.869,-52.443,33.563
-122.14,44.905,-65.643,34.364
-122.24,43.721,-52.347,33.411
-122.4,45.484,-73.266,34.898
-122.23,45.629,-69.398,34.978
-122.4,45.62,-73.153,35.01
-122.28,45.71,-70.205,35.057
-122.4,45.756,-71.289,35.12
-122.27,45.846,-66.052,35.164
-122.22,45.765,-65.354,35.087
-122.01,45.889,-55.912,35.144
-122.2,45.899,-59.035,35.192
-122.05,45.987,-52.231,35.232
-122.16,46.033,-52.223,35.294
-122.36,46.026,-61.527,35.33
-122.12,46.165,-47.337,35.391
-122.39,46.124,-63.545,35.418
-122.63,45.439,-75.844,34.914
-122.46,45.72,-73.066,35.104
-122.57,45.358,-72.768,34.835
-122.46,45.584,-74.343,34.994
-122.46,45.449,-73.778,34.883
-122.8,45.313,-74.925,34.851
-122.46,45.177,-68.684,34.661
-122.74,45.076,-42.353,34.644
-122.46,45.313,-71.542,34.772
-122.29,45.438,-72.459,34.835
-122.4,45.212,-69.079,34.676
-122.29,45.302,-70.914,34.724
-122.29,45.166,-68.648,34.614
-122.41,44.94,-63.145,34.456
-122.46,45.041,-64.944,34.551
-122.58,44.951,-58.191,34.504
-122.3,45.03,-66.349,34.504
-122.24,44.95,-65.592,34.426
-122.41,45.076,-66.274,34.566
-122.63,45.031,-59.283,34.581
-122.75,45.484,-85.479,34.977
-122.57,45.223,-69.131,34.724
-122.63,45.303,-71.428,34.803
-122.8,45.042,-61.413,34.629
-122.75,44.667,-41.241,34.313
-123.13,45.063,-54.686,34.726
-122.63,45.167,-65.992,34.692
-122.58,45.087,-63.957,34.614
-122.64,45.575,-78.206,35.025
-122.58,45.494,-75.656,34.946
-122.63,45.847,-76.918,35.246
-122.94,45.786,-80.205,35.264
-122.62,45.983,-73.81,35.353
-123,45.885,-78.264,35.359
-122.55,46.036,-71.41,35.38
-122.74,46.028,-80.867,35.416
-122.59,46.117,-70.392,35.456
-122.78,46.127,-80.407,35.506
-122.92,46.056,-87.393,35.479
-122.71,46.163,-78.64,35.519
-122.87,46.324,-79.369,35.684
-122.61,46.565,-70.579,35.822
-122.79,46.726,-70.523,35.99
-122.6,47.342,-72.487,36.445
-122.32,47.11,-63.844,36.2
-122.41,46.923,-67.817,36.068
-122.4,47.059,-66.421,36.175
-122.35,46.839,-67.185,35.988
-122.4,46.57,-63.434,35.781
-122.52,46.384,-68.399,35.656
-122.32,46.159,-56.006,35.43
-122.51,46.17,-68.28,35.481
-122.23,46.424,-51.85,35.627
-122.43,46.436,-62.167,35.68
-122.2,46.558,-55.133,35.728
-122.03,46.645,-59.738,35.765
-122.14,46.827,-63.426,35.935
-122.43,46.788,-68.662,35.963
-122.16,46.692,-60.578,35.831
-122.37,46.704,-65.667,35.883
-122.07,47.369,-60.509,36.359
-122.3,47.381,-62.524,36.414
-122.12,46.962,-63.805,36.04
-122.33,46.974,-66.161,36.093
-121.9,47.591,-70.505,36.505
-121.83,47.504,-65.295,36.42
-122.37,47.603,-77.313,36.607
-122.15,47.738,-82.593,36.671
-122.29,47.516,-65.732,36.522
-122.14,47.603,-73.445,36.56
-122.38,47.739,-86.666,36.718
-122.29,47.652,-73.494,36.631
-122.75,47.402,-72.987,36.524
-122.55,47.787,-87.448,36.789
-122.38,47.331,-66.725,36.39
-122.31,47.245,-61.867,36.307
-122.83,47.23,-73.572,36.402
-122.53,47.379,-66.497,36.459
-122.83,47.365,-76.979,36.51
-122.52,47.516,-70.694,36.568
-122.76,47.538,-77.836,36.633
-122.6,47.613,-82.789,36.662
-122.77,46.861,-69.524,36.095
-122.61,47.07,-68.668,36.229
-122.85,46.825,-69.206,36.081
-122.62,46.935,-68.663,36.122
-122.83,46.96,-69.702,36.187
-123.19,47.139,-72.634,36.406
-122.76,46.996,-69.047,36.2
-122.98,46.872,-69.604,36.148
-122.53,47.243,-65.503,36.351
-122.75,47.267,-69.793,36.416
-123.27,47.237,-77.907,36.501
-122.86,47.769,-89.135,36.838
-123.05,47.363,-79.068,36.556
-123.18,47.004,-70.357,36.297
-122.98,47.278,-73.756,36.471
-123.26,46.967,-71.448,36.284
-123.04,47.092,-72.691,36.337
-123.02,46.603,-72.336,35.94
-122.76,47.132,-68.664,36.308
-122.97,47.142,-71.396,36.362
-123.19,46.868,-68.672,36.191
-123.04,46.956,-70.189,36.229
-123.24,46.462,-68.599,35.878
-123,46.737,-70.265,36.044
-123.33,46.292,-66.62,35.762
-123.11,46.416,-69.27,35.813
-123.28,46.193,-69.663,35.671
-123.14,46.282,-71.138,35.71
-123.26,46.328,-69.745,35.775
-123.07,46.686,-68.106,36.019
-123.09,46.551,-68.897,35.916
-122.91,46.422,-71.591,35.773
-123.2,46.733,-68.073,36.086
-123.06,46.821,-68.572,36.124
-122.86,46.69,-69.607,35.977
-123.04,46.468,-73.127,35.837
-122.89,46.556,-71.128,35.874
-122.84,46.458,-74.314,35.785
-122.9,46.19,-86.564,35.582
-122.75,46.261,-76.542,35.607
-122.81,45.992,-79.011,35.402
-122.76,45.757,-86.854,35.2
-123.07,44.714,-35.014,34.428
-123.09,45.39,-78.271,34.98
-123.12,45.931,-77.122,35.423
-123.13,45.199,-73.408,34.837
-122.82,45.857,-76.559,35.295
-122.98,45.615,-76.44,35.138
-122.82,45.721,-77.277,35.185
-122.75,45.62,-87.157,35.089
-122.74,45.212,-61.765,34.755
-122.97,45.21,-72.889,34.806
-122.91,45.109,-58.978,34.71
-122.8,45.177,-68.712,34.74
-123.09,45.525,-77.933,35.091
-123.13,44.792,-38.64,34.505
-122.74,45.348,-77.699,34.866
-122.92,45.38,-75.305,34.931
-123.1,45.66,-76.056,35.202
-122.92,45.515,-78.239,35.042
-123.08,45.255,-72.907,34.869
-122.94,44.297,-42.323,34.056
-123.01,44.129,-52.84,33.937
-123.13,44.521,-35.671,34.287
-123.07,44.984,-49.269,34.648
-123.23,44.837,-39.062,34.568
-123.3,45.074,-61.569,34.775
-123.25,45.244,-73.57,34.9
-123.08,45.12,-61.207,34.759
-123.24,45.108,-52.617,34.789
-122.97,45.345,-78.038,34.916
-122.91,45.244,-68.627,34.821
-122.99,45.75,-75.953,35.249
-122.93,45.65,-78.887,35.154
-122.99,46.02,-79.423,35.466
-122.93,45.921,-82.333,35.373
-123.11,46.066,-77.327,35.53
-123.29,45.922,-69.824,35.457
-123.17,45.876,-70.147,35.393
-123.11,45.795,-75.409,35.313
-123.45,46.337,-66.11,35.827
-123.29,46.057,-68.89,35.565
-123.53,45.876,-59.235,35.476
-123.35,46.157,-66.284,35.658
-123.64,45.786,-62.265,35.429
-123.47,46.202,-65.83,35.722
-123.45,45.66,-67.574,35.284
-123.36,46.021,-64.257,35.551
-123.34,45.751,-64.802,35.331
-123.6,45.514,-66.516,35.204
-123.26,45.515,-76.943,35.123
-123.44,45.525,-70.745,35.172
-123.32,45.48,-70.802,35.108
-123.49,45.47,-66.231,35.139
-123.26,45.379,-79.839,35.011
-123.42,45.39,-76.14,35.06
-123.62,45.65,-62.861,35.316
-123.5,45.605,-61.589,35.251
-123.69,45.75,-50.493,35.413
-123.51,45.741,-60.34,35.364
-123.65,45.922,-61.201,35.541
-123.46,45.796,-65.506,35.395
-123.48,45.334,-70.877,35.028
-123.42,45.254,-73.274,34.949
-123.76,45.41,-66.412,35.159
-123.58,45.242,-69.591,34.98
-123.66,45.479,-59.511,35.189
-123.59,45.378,-70.734,35.092
-123.72,46.022,-57.292,35.636
-123.81,45.815,-55.859,35.494
-123.71,46.293,-63.656,35.852
-123.83,45.95,-56.086,35.606
-123.54,46.012,-59.237,35.586
-123.47,45.931,-63.736,35.506
-123.72,46.157,-60.693,35.745
-123.52,46.284,-63.536,35.8
-123.65,46.33,-63.26,35.865
-123.84,46.221,-60.67,35.825
-123.66,46.058,-60.431,35.651
-123.9,46.049,-57.367,35.702
-123.9,46.455,-68.112,36.024
-123.84,46.356,-63.493,35.931
-123.69,46.701,-70.983,36.169
-123.83,46.627,-68.518,36.143
-123.62,46.738,-68.202,36.183
-123.82,46.763,-71.212,36.249
-123.41,46.743,-67.362,36.14
-123.63,46.602,-66.581,36.077
-123.7,46.565,-68.511,36.063
-123.64,46.466,-64.977,35.971
-123.44,46.473,-66.448,35.931
-123.31,46.426,-66.753,35.865
-123.48,46.691,-68.203,36.115
-123.29,46.561,-66.96,35.969
-123.26,46.831,-68.982,36.178
-123.42,46.608,-66.808,36.035
-123.28,46.696,-67.335,36.073
-123.22,46.598,-68.576,35.982
-123.4,47.149,-74.862,36.461
-123.68,46.837,-73.146,36.275
-123.48,47.234,-80.673,36.546
-123.61,47.146,-77.002,36.505
-123.47,46.963,-73.498,36.327
-123.25,47.102,-74.828,36.391
-123.29,47.508,-83.962,36.721
-123.21,47.41,-79.279,36.626
-123.53,47.64,-91.4,36.878
-123.83,47.169,-81.176,36.571
-123.7,47.243,-85.194,36.601
-123.43,47.42,-81.367,36.682
-123.63,47.281,-80.966,36.616
-123.52,47.505,-88.593,36.768
-123.85,47.303,-86.357,36.683
-123.72,47.378,-89.206,36.713
-123.61,46.874,-70.494,36.289
-123.47,47.098,-76.844,36.435
-123.68,46.972,-76.877,36.382
-123.89,46.861,-77.671,36.342
-123.61,47.01,-73.809,36.396
-124.02,46.908,-78.269,36.411
-123.97,47.534,-100.86,36.891
-123.65,47.416,-85.352,36.728
-123.76,47.649,-99.073,36.935
-123.67,47.552,-89.936,36.839
-123.89,48.212,-112.49,37.405
-123.96,47.84,-106.4,37.128
-124.03,48.3,-118.73,37.503
-124.31,48.107,-112.53,37.413
-124.08,48.455,-122.77,37.633
-124.28,48.313,-118.23,37.567
-123.82,48.085,-107.76,37.29
-123.88,48.047,-110.79,37.274
-124.32,48.673,-125.27,37.854
-124.7,48.579,-118.6,37.864
-124.45,48.781,-124.47,37.965
-125.12,48.855,-116.82,38.17
-124.49,48.747,-122.06,37.948
-124.96,48.787,-118.24,38.081
-124.37,48.64,-122.97,37.838
-124.08,48.675,-125.99,37.804
-124.24,48.533,-123.25,37.728
-124.47,48.355,-116.47,37.641
-124.13,48.42,-121.92,37.617
-123.88,48.415,-121.16,37.56
-123.94,48.783,-127.89,37.86
-124.59,49.261,-126.54,38.363
-123.99,48.748,-127.34,37.843
-124.24,48.745,-125.65,37.893
-123.95,48.567,-123.09,37.694
-124.12,48.637,-125.91,37.782
-123.47,48.17,-105.94,37.283
-123.66,48.214,-107.39,37.356
-123.35,48.079,-94.828,37.185
-123.71,48.169,-109.53,37.332
-123.59,48.087,-101.7,37.242
-123.79,47.784,-103.26,37.046
-123.49,47.824,-92.967,37.014
-123.69,47.687,-93.848,36.95
-123.59,47.909,-99.226,37.103
-123.72,47.822,-98.694,37.062
-123.23,47.681,-85.394,36.846
-123.45,47.555,-85.783,36.792
-123.3,47.643,-87.317,36.831
-123.02,47.817,-89.005,36.91
-123.53,47.957,-96.846,37.127
-123.65,48.04,-104.6,37.217
-123.36,47.91,-95.303,37.054
-123.11,48.08,-94.229,37.137
-123.25,47.815,-88.068,36.957
-123.12,47.902,-90.388,36.998
-122.99,47.548,-81.373,36.689
-123.22,47.546,-82.466,36.736
-123,47.683,-85.208,36.798
-123.09,47.768,-87.639,36.885
-122.78,47.807,-89.454,36.854
-122.65,47.883,-94.268,36.886
-122.82,48.273,-100.83,37.23
-122.68,48.183,-102.86,37.132
-123.01,48.325,-100.35,37.309
-123.17,48.034,-94.424,37.112
-122.93,48.034,-94.375,37.064
-123.06,47.95,-91.502,37.023
-123.1,48.444,-102.59,37.423
-123.17,48.208,-97.704,37.251
-123.26,48.524,-113.1,37.517
-123.3,48.289,-105.26,37.341
-123.18,48.776,-110.08,37.699
-123.44,48.784,-116.49,37.757
-123.49,48.749,-121.05,37.739
-123.58,48.674,-117.84,37.7
-123.21,48.558,-105.91,37.534
-123.25,48.332,-102.08,37.365
-123.74,48.746,-126.18,37.788
-123.49,48.332,-106.08,37.414
-123.38,48.636,-117.3,37.628
-123.5,48.524,-117.64,37.567
-123.59,48.45,-112.42,37.527
-123.39,48.41,-111.73,37.455
-123.71,48.562,-118.56,37.638
-123.35,48.451,-106.79,37.478
-123.62,48.635,-122.87,37.677
-123.46,48.563,-112.3,37.589
-123.9,49.02,-128.67,38.034
-124.1,48.861,-126.9,37.954
-124.41,49.015,-125.09,38.138
-124.67,49.385,-129.14,38.476
-124.08,49.262,-125.59,38.259
-123.93,49.379,-126.21,38.318
-124.33,49.26,-124.7,38.309
-124.18,49.383,-124.47,38.371
-123.95,48.977,-128.22,38.012
-123.85,48.86,-128.07,37.9
-123.99,49.14,-127.8,38.147
-123.64,49.019,-125.21,37.981
-123.28,48.894,-114.51,37.811
-123.54,48.9,-121.83,37.869
-123.58,49.254,-124.38,38.15
-123.83,49.26,-126.86,38.206
-124.14,49.219,-124.74,38.237
-123.89,49.221,-126.36,38.187
-124.05,49.097,-126.69,38.125
-123.79,49.1,-127.62,38.075
-124.27,49.502,-125.73,38.483
-124.03,49.497,-124.6,38.429
-124.38,49.619,-129.45,38.594
-124.18,49.577,-126.7,38.522
-124.17,49.794,-131.76,38.686
-124.29,49.691,-131.45,38.632
-124.05,49.684,-128.19,38.577
-124.14,49.613,-125.82,38.54
-124.75,49.946,-128.98,38.919
-124.42,49.8,-134.44,38.74
-124.53,49.695,-133.12,38.684
-124.52,49.503,-129.21,38.534
-124.42,49.58,-130.69,38.574
-124.48,49.344,-127.11,38.403
-124.32,49.462,-127.1,38.462
-124.66,49.804,-131.21,38.793
-124.49,49.732,-133.4,38.704
-124.99,49.949,-121.18,38.972
-125.14,49.811,-101.29,38.899
-125.27,49.916,-100.86,39.006
-125.38,49.814,-98.798,38.953
-125.11,49.844,-119.47,38.917
-125.22,49.742,-114.6,38.863
-124.98,49.74,-124.37,38.81
-124.78,49.7,-129.27,38.738
-124.9,49.808,-118.6,38.846
-124.73,49.736,-131.25,38.756
-124.46,48.973,-124.05,38.116
-124.25,49.137,-125.5,38.197
-124.31,48.898,-125.95,38.026
-124.21,48.977,-125.85,38.066
-124.51,49.137,-124.97,38.251
-124.72,48.972,-123.86,38.171
-124.56,49.093,-124.94,38.229
-124.39,49.22,-125.05,38.291
-124.57,49.465,-130,38.515
-124.42,49.383,-126.16,38.422
-124.84,49.258,-127.55,38.414
-125.01,49.507,-125.28,38.64
-124.64,49.217,-127.42,38.342
-124.76,49.132,-125.21,38.301
-124.56,48.893,-123.24,38.076
-124.83,48.897,-121.33,38.136
-124.67,49.01,-123.49,38.188
-124.93,49.013,-122.49,38.247
-124.98,49.343,-127.34,38.509
-125.28,49.133,-118.62,38.415
-125.06,49.468,-122.17,38.621
-125.26,49.706,-102.19,38.844
-125.4,49.593,-104.49,38.789
-125.76,49.92,-106.43,39.114
-125.17,49.387,-121.07,38.584
-125.31,49.472,-110.45,38.678
-125.23,49.953,-109.75,39.025
-125.35,49.846,-108.03,38.97
-125.48,49.955,-101.82,39.078
-125.63,49.818,-102.5,39.008
-125.52,49.918,-101.13,39.06
-125.72,49.957,-98.677,39.132
-125.35,49.632,-110.37,38.808
-125.83,49.634,-106.71,38.916
-125.25,49.511,-116.09,38.696
-125.55,49.47,-107.4,38.73
-125.46,49.747,-104.06,38.918
-125.7,49.75,-99.349,38.973
-125.59,49.849,-99,39.024
-125.87,49.819,-113.31,39.062
-125.96,49.959,-101.86,39.187
-126.21,49.959,-116.06,39.241
-126.18,49.753,-115.09,39.083
-126.11,49.821,-118.43,39.117
-125.94,49.75,-104.41,39.027
-125.74,49.712,-106.41,38.954
-125.8,49.47,-109.96,38.785
-126,49.921,-115.36,39.168
-125.84,49.851,-85.695,39.079
-125.64,49.594,-106.47,38.842
-125.5,49.513,-108.62,38.751
-125.67,49.384,-109.89,38.691
-125.33,48.889,-115.97,38.243
-125.67,49.212,-111.13,38.562
-125.35,49.26,-116.25,38.527
-125.21,48.782,-115.87,38.133
-125.34,49.088,-115.51,38.394
-125.59,49.086,-111.6,38.45
-125.48,49.343,-110.25,38.618
-125.41,49.214,-113.47,38.506
-124.71,48.786,-121.01,38.025
-125.6,49.255,-111.68,38.58
-125.42,49.388,-112.4,38.639
-125.23,49.346,-117.22,38.566
-125.1,49.261,-123.36,38.472
-125.16,49.219,-121.95,38.454
-125.02,49.135,-123.35,38.36
-124.98,48.975,-122.1,38.23
-124.58,48.68,-121.94,37.916
-124.87,48.861,-120.35,38.119
-124.49,48.544,-119.03,37.791
-124.75,48.753,-118.83,38.009
-124.62,48.431,-115.36,37.732
-125.25,48.749,-112.6,38.117
-124.83,48.682,-117.78,37.972
-124.73,48.542,-113.76,37.843
-124.33,48.467,-120.85,37.697
-124.62,48.648,-117.96,37.9
-124.45,48.575,-122.32,37.807
-123.95,48.175,-114.79,37.388
-124.13,48.063,-113.58,37.339
-124.03,47.802,-108.9,37.113
-124.28,47.308,-97.04,36.784
-124.2,48.19,-115.97,37.453
-124.07,48.101,-112.15,37.356
-124.86,48.435,-110.6,37.789
-124.57,48.472,-117.63,37.754
-124.38,48.432,-119.21,37.68
-124.23,48.35,-118.44,37.584
-124.68,48.193,-110.5,37.561
-124.52,48.311,-115.17,37.618
-124.31,47.136,-94.686,36.657
-124.24,47.979,-112.1,37.299
-124.62,47.728,-109.39,37.189
-124.54,47.937,-110.37,37.333
-124.78,47.953,-107.61,37.4
-124.54,48.104,-111.43,37.463
-124.48,47.975,-111.19,37.348
-124.36,48.06,-112.66,37.389
-124.71,48.352,-113.26,37.692
-125.17,48.219,-103.62,37.694
-124.98,48.546,-110.71,37.9
-125.23,48.555,-108.09,37.965
-125.11,48.647,-111.45,38.009
-125,48.749,-115.81,38.06
-124.94,48.577,-114.61,37.915
-124.86,48.645,-114.47,37.952
-125.38,48.854,-111.96,38.226
-125.47,48.786,-112.99,38.194
-125.5,48.966,-111.76,38.337
-125.64,48.857,-110.26,38.288
-125.63,48.66,-109.82,38.135
-125.51,48.753,-109.78,38.179
-125.36,48.455,-106.74,37.919
-125.19,48.585,-111.89,37.979
-125.06,48.48,-110.07,37.87
-125.03,48.132,-105.24,37.596
-125.45,48.593,-109.16,38.043
-125.37,48.654,-109.95,38.072
-124.76,48.316,-109.8,37.676
-124.96,48.364,-108.69,37.757
-124.62,48.23,-112.44,37.578
-124.92,48.206,-106.38,37.627
-124.96,48.006,-106.1,37.482
-124.46,47.196,-96.154,36.739
-124.85,48.081,-106.68,37.513
-124.72,47.991,-107.28,37.415
-125.01,48.328,-106.64,37.741
-124.87,48.243,-108.57,37.643
-125.41,48.214,-103.4,37.745
-125.32,48.49,-107.44,37.935
-125.27,48.137,-102.87,37.655
-125.12,48.255,-105.39,37.71
-124.96,47.839,-106.39,37.354
-125.19,47.834,-103.56,37.404
-125.69,48.373,-104.77,37.934
-125.69,48.595,-106.68,38.102
-125.36,48.259,-103.28,37.769
-125.26,48.339,-105.04,37.807
-126.08,48.686,-106,38.261
-125.87,48.656,-109.08,38.189
-125.56,48.493,-106.42,37.994
-125.48,48.563,-107.77,38.029
-125.98,48.788,-109.07,38.314
-125.97,49.007,-111.25,38.476
-125.84,48.691,-108.42,38.208
-125.9,48.859,-111.3,38.35
-126.53,48.955,-119.75,38.57
-126.11,48.891,-110.44,38.423
-126.63,49.247,-123.59,38.809
-126.23,49.003,-113.83,38.533
-126.54,49.47,-124.1,38.954
-126.42,49.386,-124.21,38.864
-126.24,49.345,-121.16,38.791
-126.37,49.079,-119.96,38.624
-126.12,49.257,-117.09,38.698
-126.12,49.087,-115.36,38.571
-126.57,49.116,-122.09,38.699
-126.37,49.254,-122.58,38.755
-125.86,48.894,-109.7,38.365
-125.76,48.967,-111.14,38.398
-125.44,49.004,-114.82,38.355
-125.71,49.006,-111.38,38.415
-125.53,49.127,-113.13,38.467
-125.86,49.087,-112.24,38.51
-126.17,49.388,-120.02,38.808
-125.92,49.386,-113.12,38.749
-126.06,49.129,-113.92,38.587
-125.93,49.213,-113.37,38.621
-126.3,49.474,-123.16,38.901
-126.05,49.472,-116.96,38.843
-125.99,49.514,-113.26,38.861
-125.88,49.595,-111.45,38.897
-126.6,49.824,-117.81,39.229
-126.08,49.637,-114.48,38.972
-126.49,49.922,-116.42,39.278
-126.32,49.853,-115.97,39.188
-126.47,49.718,-121.17,39.122
-126.23,49.716,-118.69,39.065
-126.32,49.639,-122.17,39.029
-126.13,49.597,-118.78,38.954
-126.37,49.599,-123.66,39.011
-126.24,49.516,-121.66,38.918
-126.91,49.754,-116,39.25
-126.56,49.639,-122.65,39.085
-126.81,49.854,-119.76,39.3
-126.98,49.921,-110.01,39.388
-126.93,49.96,-112.01,39.407
-127.18,49.958,-109.33,39.462
-127.42,49.957,-104.98,39.518
-127.05,49.852,-114.33,39.354
-127.19,49.717,-101.91,39.289
-127.1,49.595,-105.76,39.179
-127.05,49.637,-112.05,39.196
-126.84,49.823,-107.42,39.284
-126.67,49.756,-119.38,39.195
-126.7,49.202,-123.19,38.793
-126.49,49.339,-124.33,38.845
-126.37,48.883,-112.01,38.476
-126.28,48.96,-116.65,38.513
-126.92,49.379,-119.02,38.977
-126.67,49.38,-123.54,38.918
-127.04,49.467,-112.14,39.069
-126.73,49.51,-121.77,39.028
-126.97,49.511,-115.56,39.086
-126.86,49.595,-116.57,39.121
-127.25,49.333,-103.85,39.021
-126.99,49.335,-115.78,38.961
-127.14,49.245,-115.47,38.93
-126.96,49.201,-120.89,38.854
-127.19,48.849,-123.07,38.651
-127.09,49.114,-120.62,38.822
-127.01,48.992,-122.37,38.712
-126.89,49.073,-122.69,38.744
-127.47,49.198,-87.43,38.977
-127.21,49.2,-112.29,38.915
-127.22,49.51,-108.1,39.144
-127.15,49.755,-109.11,39.307
-127.39,49.755,-102.41,39.364
-127.29,49.851,-108.54,39.411
-127.71,49.916,-104.54,39.557
-127.46,49.918,-104.01,39.5
-127.95,49.914,-116.05,39.613
-127.54,49.85,-99.805,39.468
-127.32,49.822,-98.534,39.396
-127.64,49.754,-98.067,39.422
-127.56,49.821,-100.23,39.453
-127.54,49.636,-95.155,39.312
-127.44,49.717,-97.19,39.347
-128.15,49.95,-117.28,39.688
-127.78,49.848,-97.469,39.525
-128.2,49.91,-103.34,39.671
-127.66,49.955,-103.53,39.574
-127.91,49.953,-103.5,39.631
-128.05,49.82,-130,39.57
-127.92,49.72,-103.79,39.466
-127.88,49.756,-93.122,39.481
-128.03,49.846,-88.786,39.583
-127.78,49.468,-81.773,39.249
-127.74,49.2,-67.104,39.043
-127.62,49.112,-106.19,38.95
-127.69,49.07,-87.277,38.938
-127.66,49.243,-83.28,39.055
-127.43,49.377,-96.528,39.096
-127.68,49.378,-85.044,39.158
-127.53,49.465,-86.995,39.187
-127.78,49.638,-92.204,39.373
-127.68,49.716,-94.069,39.405
-127.47,49.509,-96.585,39.203
-127.35,49.595,-95.422,39.237
-127.27,48.99,-121.24,38.775
-127.16,49.071,-118.72,38.806
-127.42,48.883,-122.45,38.732
-127.42,49.069,-111.38,38.869
-127.6,48.954,-108.41,38.829
-127.32,48.952,-118.3,38.759
-126.56,48.513,-108.91,38.246
-126.8,48.955,-122.29,38.633
-126.81,48.522,-110.3,38.316
-126.85,48.697,-110.54,38.455
-127.46,48.851,-118.62,38.721
-127.04,48.756,-124.53,38.546
-127.27,48.788,-124.33,38.626
-127.15,48.882,-123.39,38.665
-127.15,48.676,-125.74,38.514
-127.31,48.761,-124.17,38.616
-126.96,48.616,-104.43,38.421
-126.99,48.591,-125.93,38.411
-127.11,48.701,-123.95,38.523
-126.86,48.49,-110.04,38.303
-126.89,48.669,-124.48,38.443
-126.3,47.771,-90.079,37.626
-126.59,48.297,-104.36,38.092
-126.53,48.146,-103.49,37.966
-126.48,48.18,-104.2,37.979
-126.34,48.286,-105.94,38.022
-126.24,48.168,-105.08,37.909
-126.1,48.463,-108.17,38.098
-126.49,48.366,-108.78,38.12
-126.7,48.411,-108.52,38.204
-126.6,48.478,-110.57,38.232
-126.44,48.604,-109.46,38.286
-126.44,48.401,-106.9,38.135
-126.19,48.598,-107.85,38.221
-126.05,48.12,-105.38,37.826
-126.29,48.132,-104.51,37.895
-125.91,48.034,-103.06,37.728
-126.15,48.047,-101.62,37.796
-125.84,47.74,-101.93,37.487
-125.96,47.997,-101.96,37.713
-125.99,48.347,-107.02,37.985
-126.24,48.357,-107.15,38.052
-126.19,48.392,-106.74,38.067
-126.35,48.471,-109.19,38.164
-125.99,48.156,-104.06,37.841
-126.14,48.24,-106.29,37.939
-126.7,48.609,-111.16,38.352
-126.63,48.665,-113.65,38.377
-127.01,48.786,-121.62,38.559
-127.06,48.954,-122.4,38.696
-126.63,48.883,-116.09,38.539
-126.89,48.883,-119.89,38.602
-126.78,48.755,-122.07,38.481
-126.75,48.785,-115.39,38.495
-126.3,48.506,-107.87,38.179
-126.48,48.576,-110.91,38.274
-126.52,48.753,-116.29,38.417
-126.34,48.69,-108.92,38.326
-126.67,48.849,-119.9,38.524
-126.41,48.848,-116.44,38.461
-126.27,48.75,-113.81,38.353
-126.01,48.752,-110.56,38.295
-125.8,48.489,-106.51,38.047
-125.72,48.56,-108.37,38.082
-125.97,48.562,-111.09,38.142
-126.05,48.498,-107.12,38.113
-125.85,48.454,-107.59,38.031
-125.6,48.452,-106.87,37.972
-125.74,48.337,-106.09,37.918
-125.89,48.229,-105.6,37.872
-125.65,48.217,-104.14,37.804
-125.75,48.144,-102.73,37.773
-125.6,47.893,-102.39,37.546
-125.72,47.983,-103.12,37.644
-125.36,47.878,-103.48,37.477
-125.2,48.012,-102.94,37.541
-125.43,48.006,-102.54,37.591
-125.32,48.091,-102.54,37.631
-125.54,47.762,-102.67,37.433
-125.42,47.839,-101.89,37.463
-125.6,47.724,-102.7,37.418
-125.31,47.746,-104.44,37.364
-125.41,47.339,-97.638,37.076
-125.37,47.707,-102.68,37.35
-125.26,47.614,-104.45,37.251
-125.03,46.816,-88.205,36.58
-125.14,47.702,-104.42,37.291
-125.04,47.62,-105.47,37.203
-125.09,47.222,-98.066,36.909
-124.91,46.906,-91.697,36.62
-125.05,46.951,-91.192,36.69
-124.99,46.545,-81.472,36.358
-124.93,47.042,-95.314,36.729
-124.85,46.958,-92.506,36.646
-125.26,46.975,-94.493,36.759
-125.15,47.185,-97.48,36.895
-125.14,47.354,-100.89,37.022
-124.86,47.094,-97.608,36.754
-125.37,47.207,-93.889,36.964
-125.4,46.73,-84.836,36.606
-125.21,46.705,-85.368,36.537
-125.12,46.914,-90.994,36.676
-125.29,46.803,-87.779,36.634
-125.31,46.329,-79.337,36.272
-125.76,47.117,-85.99,36.993
-125.52,47.266,-94.743,37.047
-125.36,47.375,-100.42,37.091
-125.58,47.229,-90.384,37.033
-125.87,47.541,-101.15,37.344
-125.84,47.908,-102.96,37.614
-125.47,47.467,-100.69,37.19
-125.57,47.395,-98.045,37.16
-125.49,47.632,-102.69,37.32
-125.72,47.649,-103.69,37.388
-125.54,47.595,-102.53,37.304
-125.65,47.522,-101.55,37.274
-125.42,47.503,-101.76,37.205
-125.7,47.486,-101.46,37.259
-125.94,47.666,-101.31,37.457
-125.78,47.778,-103.86,37.502
-126,47.63,-100.91,37.443
-125.77,47.612,-101.68,37.373
-126,47.271,-79.932,37.171
-125.92,47.505,-100.56,37.329
-126.13,47.884,-95.54,37.669
-125.89,47.87,-100.1,37.6
-126.31,47.938,-94.611,37.753
-126.2,48.01,-98.86,37.781
-126.44,48.026,-103.14,37.852
-126.36,47.9,-88.746,37.739
-126.24,47.809,-98.428,37.64
-126.23,47.646,-99.346,37.513
-126.18,47.682,-100.54,37.527
-126.07,47.756,-99.741,37.556
-126.14,47.523,-99.428,37.398
-126.01,47.435,-95.424,37.299
-126.06,47.4,-99.454,37.283
-125.97,47.137,-76.711,37.061
-125.94,47.003,-77.046,36.951
-125.88,47.042,-83,36.966
-125.79,47.416,-94.993,37.229
-125.85,46.909,-86.067,36.855
-125.7,47.155,-87.414,37.006
-125.91,47.176,-84.683,37.075
-125.79,47.251,-83.302,37.103
-125.84,47.381,-95.654,37.215
-125.62,47.36,-95.281,37.145
-125.47,46.998,-89.52,36.828
-125.55,47.095,-88.989,36.924
-125.9,46.871,-84.265,36.839
-125.67,47.02,-87.36,36.897
-125.6,46.754,-85.666,36.675
-125.32,46.937,-89.747,36.745
-125.53,46.489,-81.006,36.451
-125.42,46.56,-82.029,36.48
-125.62,46.586,-81.825,36.549
-125.37,46.596,-83.49,36.494
-125.65,46.718,-84.687,36.661
-125.46,46.694,-85.816,36.592
-125.64,46.887,-87.983,36.787
-125.73,46.983,-83.712,36.884
-125.8,46.777,-84.465,36.743
-125.7,46.851,-86.355,36.773
-125.85,46.739,-84.26,36.726
-125.76,46.645,-81.626,36.63
-125.77,46.473,-80.248,36.501
-125.68,46.379,-79.772,36.406
-125.73,46.34,-80.226,36.389
-125.54,46.32,-79.945,36.325
-125.69,46.208,-82.321,36.276
-125.6,46.114,-79.394,36.18
-125.56,45.982,-77.127,36.067
-125.56,45.81,-79.987,35.935
-125.48,45.716,-76.245,35.841
-125.32,45.524,-73.933,35.649
-125.41,45.45,-69.108,35.615
-125.24,45.425,-68.53,35.551
-125.45,45.41,-76.957,35.595
-125.25,45.894,-72.886,35.918
-125.27,45.558,-67.201,35.663
-125.47,46.055,-79.72,36.1
-125.39,45.79,-75.859,35.874
-125.38,45.957,-71.578,36.002
-125.33,46.16,-77.079,36.145
-125.13,45.662,-61.494,35.707
-125.06,46.034,-65.881,35.978
-125.43,45.923,-77.687,35.987
-125.2,45.929,-67.315,35.933
-125.15,45.494,-68.175,35.58
-124.99,45.766,-51.351,35.752
-124.79,45.297,-61.203,35.33
-124.96,46.104,-73.998,36.009
-125.04,45.731,-68.218,35.737
-125.21,45.761,-70.623,35.805
-125.07,45.865,-68.682,35.85
-125.17,45.795,-65.589,35.82
-125.1,45.528,-62.449,35.594
-125.18,45.627,-69.193,35.693
-125.49,46.827,-88.427,36.703
-125.24,46.84,-88.139,36.649
-125.44,46.863,-87.627,36.718
-125.53,46.961,-88.777,36.814
-125.34,46.462,-80.4,36.383
-125.23,46.535,-83.749,36.412
-125.39,46.427,-81.146,36.369
-125.15,46.436,-79.345,36.315
-125.24,46.062,-71.805,36.047
-125.14,46.132,-73.081,36.076
-125.18,46.266,-79.378,36.189
-125.21,46.4,-80.467,36.301
-125.04,46.509,-81.259,36.344
-125.18,46.571,-82.768,36.426
-125.01,46.681,-85.299,36.469
-124.78,46.419,-75.437,36.208
-124.91,46.14,-64.166,36.024
-125.1,46.167,-71.805,36.091
-124.93,45.97,-71.19,35.895
-124.74,46.149,-64.389,35.988
-124.76,45.467,-58.519,35.457
-124.79,46.095,-66.925,35.957
-124.9,45.836,-67.305,35.782
-125.01,45.597,-65.793,35.624
-124.85,45.871,-57.236,35.797
-125.03,45.9,-59.244,35.865
-124.84,45.567,-59.518,35.556
-124.93,45.497,-56.454,35.526
-124.82,45.736,-57.361,35.684
-124.96,45.632,-53.327,35.639
-124.81,45.432,-59.886,35.442
-124.63,45.614,-53.357,35.538
-124.74,45.332,-61.341,35.344
-124.65,45.423,-60.83,35.392
-124.71,46.015,-60.632,35.875
-124.87,45.701,-60.972,35.669
-124.73,45.827,-59.19,35.731
-124.56,45.837,-61.502,35.697
-124.79,45.602,-57.03,35.57
-124.7,45.692,-58.926,35.618
-124.67,45.558,-59.228,35.505
-124.29,45.574,-56.601,35.42
-124.27,45.439,-59.842,35.307
-124.42,44.627,-72.144,34.702
-124.44,45.47,-58.744,35.375
-124.36,45.674,-54.461,35.517
-124.34,45.539,-54.996,35.405
-124.11,45.543,-59.052,35.352
-124.46,45.604,-55.405,35.487
-124.41,45.943,-58.04,35.742
-124.53,45.704,-56.375,35.585
-124.51,45.872,-52.852,35.712
-124.56,46.14,-57.994,35.936
-124.45,46.212,-66.333,35.965
-124.33,45.843,-53.534,35.645
-124.2,46.085,-56.908,35.803
-124.38,46.113,-58.229,35.869
-124.22,46.63,-73.676,36.238
-124.64,46.239,-70.359,36.032
-124.58,46.275,-64.38,36.046
-124.65,46.374,-75.212,36.141
-124.5,46.889,-89.372,36.508
-124.59,46.41,-72.301,36.155
-124.76,46.284,-69.805,36.098
-124.59,45.971,-64,35.809
-124.62,46.105,-66.209,35.921
-124.48,45.738,-54.034,35.599
-124.65,45.748,-51.79,35.65
-124.68,45.882,-56.921,35.763
-124.76,45.961,-63.364,35.844
-124.87,46.636,-84.922,36.4
-124.61,46.545,-78.373,36.264
-124.84,46.823,-88.821,36.537
-124.8,46.554,-80.076,36.318
-124.82,46.689,-84.683,36.428
-124.68,46.643,-83.732,36.359
-124.74,47.182,-99.546,36.793
-124.56,47.293,-102.79,36.836
-124.93,47.359,-103.09,36.976
-124.68,47.219,-98.81,36.807
-124.89,46.771,-88.458,36.511
-124.7,46.778,-87.399,36.468
-124.99,47.489,-104.75,37.09
-124.89,47.228,-100.05,36.863
-124.9,47.878,-107.01,37.369
-125.08,47.752,-105.55,37.316
-125.04,47.44,-102.74,37.064
-124.82,47.445,-105.66,37.017
-124.81,47.613,-106.72,37.145
-124.42,47.538,-107.92,36.995
-124.98,47.31,-101,36.95
-124.77,47.314,-103.36,36.904
-124.54,47.462,-105.27,36.965
-124.72,47.351,-102.76,36.919
-124.58,47.595,-108.15,37.077
-124.87,47.576,-106.77,37.13
-124.66,47.861,-108.72,37.302
-124.85,47.746,-107.28,37.257
-124.73,47.823,-108.53,37.287
-124.42,47.844,-110.69,37.235
-124.65,47.557,-108.27,37.062
-124.77,47.482,-105.85,37.032
-124.35,47.576,-105.56,37.01
-124.44,47.062,-91.687,36.629
-124.3,47.001,-89.736,36.548
-124.5,46.753,-85.513,36.4
-124.62,46.68,-83.207,36.373
-124.51,47.024,-93.453,36.616
-124.63,46.815,-87.243,36.482
-124.71,46.913,-90.579,36.576
-124.3,46.865,-85.149,36.441
-124.42,46.655,-77.655,36.305
-124.23,46.902,-82.356,36.454
-124.43,46.79,-82.212,36.414
-124.23,47.038,-86.3,36.562
-124.44,46.926,-87.019,36.522
-124.23,46.766,-78.191,36.346
-124.1,47.446,-97.322,36.851
-124.09,46.856,-81.538,36.385
-124.29,46.729,-81.006,36.333
-124.5,47.33,-100.83,36.851
-124.6,47.425,-106.66,36.949
-124.69,47.69,-108.94,37.175
-124.49,47.805,-112.04,37.219
-124.32,47.442,-102.66,36.897
-124.26,47.799,-110.74,37.161
-124.39,47.71,-108.34,37.122
-124.19,47.848,-110.16,37.186
-124.16,47.714,-107.24,37.074
-124.34,47.271,-99.836,36.769
-124.19,47.53,-106.16,36.938
-124.25,47.174,-91.576,36.672
-123.92,47.266,-92.133,36.668
-124.1,47.127,-90.632,36.601
-123.88,47.438,-91.203,36.794
-124.16,47.396,-102.57,36.825
-123.93,47.707,-103.17,37.016
-124.22,47.664,-108.53,37.05
-123.9,47.572,-97.033,36.906
-124.13,47.58,-103.18,36.963
-124.07,47.312,-93.035,36.739
-123.94,47.4,-95.797,36.779
-123.89,47.132,-86.174,36.557
-123.82,47.034,-77.727,36.462
-124.13,47.262,-96.508,36.713
-124.04,47.178,-86.836,36.627
-124.03,46.23,-61.101,35.876
-124.29,46.593,-76.978,36.224
-124.09,46.584,-73.39,36.171
-124.22,46.357,-65.239,36.022
-123.89,46.997,-81.73,36.449
-123.82,46.898,-73.639,36.355
-123.84,46.085,-57.957,35.716
-124.01,45.959,-56.273,35.656
-123.86,45.78,-54.244,35.479
-123.91,45.284,-64.55,35.096
-124.09,46.176,-61.19,35.847
-124.25,46.049,-59.348,35.788
-124.09,46.312,-65.501,35.956
-124.27,46.185,-63.507,35.899
-123.83,46.492,-65.852,36.037
-124.03,46.501,-67.991,36.09
-124.03,46.366,-64.533,35.983
-124.22,46.493,-69.428,36.13
-124.09,46.448,-69.398,36.063
-124.21,46.221,-60.686,35.913
-124.28,46.321,-68.404,36.008
-124.47,46.483,-76.848,36.183
-124.4,46.248,-62.746,35.98
-124.47,46.347,-71.915,36.075
-124.08,46.04,-57.419,35.737
-124.18,45.949,-54.428,35.691
-124.38,45.808,-55.263,35.63
-124.23,45.914,-56.047,35.675
-124.18,45.644,-54.198,35.45
-124.31,45.709,-54.207,35.532
-123.93,45.42,-61.042,35.208
-124.1,45.408,-62.489,35.24
-124.11,45.102,-67.272,35.001
-124,45.499,-57.305,35.288
-124.13,45.679,-54.64,35.465
-124.21,45.779,-54.01,35.563
-124.08,45.272,-65.755,35.128
-124.15,45.373,-59.009,35.225
-123.77,44.834,-64.82,34.7
-123.96,45.228,-65.306,35.063
-123.79,45.68,-57.445,35.382
-124.01,45.634,-52.906,35.4
-123.78,45.545,-64.064,35.27
-123.95,45.555,-57.909,35.32
-123.8,45.24,-63.192,35.032
-123.9,45.149,-66.724,34.985
-123.74,45.139,-65.545,34.936
-123.95,45.092,-67.891,34.952
-123.73,44.462,-60.017,34.39
-123.89,44.336,-64.845,34.33
-123.88,44.743,-63.375,34.654
-123.77,43.921,-77.507,33.965
-124.1,44.694,-70.06,34.671
-123.94,44.956,-68.676,34.84
-123.72,44.868,-60.158,34.714
-123.72,44.733,-57.633,34.604
-123.79,45.105,-66.158,34.921
-123.89,45.014,-67.018,34.874
-124.06,45.136,-67.927,35.015
-124.23,45.169,-67.427,35.083
-124.2,44.626,-69.029,34.645
-124.05,45,-68.582,34.904
-124.26,44.593,-71.231,34.633
-124.09,44.83,-70.608,34.779
-124.05,44.592,-66.001,34.576
-124.04,44.728,-66.307,34.684
-124.04,44.864,-68.479,34.793
-124.1,44.966,-69.886,34.889
-124.1,44.558,-68.902,34.563
-124.2,44.491,-66.972,34.537
-124.1,44.422,-67.131,34.454
-124.2,44.355,-65.559,34.427
-124.1,44.15,-64.976,34.238
-124.2,44.219,-64.715,34.319
-123.91,44.065,-70.342,34.117
-124.05,44.183,-66.22,34.25
-123.88,44.607,-63.067,34.546
-124.05,44.456,-65.674,34.467
-123.94,44.549,-66.122,34.514
-124.1,44.286,-65.686,34.344
-123.89,44.472,-63.325,34.439
-123.78,44.564,-63.285,34.484
-123.94,44.413,-65.825,34.405
-123.78,44.428,-63.406,34.377
-123.94,44.277,-65.691,34.296
-123.73,44.326,-64.273,34.282
-123.89,44.201,-67.363,34.222
-123.58,44.29,-63.546,34.212
-123.85,43.656,-79.114,33.771
-124.03,43.737,-71.701,33.885
-124.23,43.519,-76.015,33.766
-123.96,43.797,-74.874,33.914
-124.29,43.487,-75.034,33.758
-124.09,43.608,-74.841,33.797
-124.14,43.479,-77.047,33.709
-124.2,43.007,-72.824,33.346
-124.07,43.538,-77.832,33.735
-124,43.666,-76.708,33.822
-124.11,42.968,-71.781,33.29
-124.19,42.672,-67.205,33.075
-124.07,42.865,-63.3,33.194
-124.18,42.537,-66.323,32.96
-124.36,43.22,-80.559,33.563
-124.19,42.872,-68.488,33.234
-124.16,43.276,-78.322,33.551
-124.07,43.237,-76.88,33.495
-124.19,43.347,-79.704,33.616
-124.19,43.142,-76.876,33.452
-124.33,43.117,-77.857,33.47
-124.22,43.213,-79.572,33.518
-124.24,42.943,-73.656,33.304
-124.24,42.44,-64.948,32.899
-124.22,42.807,-69.652,33.19
-124.15,42.602,-63.349,33.004
-124.37,42.615,-67.378,33.082
-124.3,42.846,-69.111,33.245
-124.45,42.853,-75.888,33.295
-124.32,42.981,-73.718,33.36
-124.49,43.257,-80.286,33.631
-124.33,43.354,-78.979,33.663
-124.39,43.655,-65.473,33.918
-124.17,43.648,-72.734,33.854
-124.12,43.778,-69.602,33.943
-124.08,43.912,-68.316,34.041
-124.14,43.879,-64.291,34.031
-124.06,44.047,-67.161,34.145
-124.26,43.815,-64.319,34.013
-124.18,43.747,-66.882,33.936
-124.23,43.949,-63.336,34.111
-124.27,44.051,-61.043,34.203
-124.26,44.186,-63.61,34.307
-124.42,44.087,-59.873,34.273
-124.32,43.685,-67.738,33.923
-124.58,43.561,-66.633,33.897
-124.43,43.524,-71.174,33.828
-124.55,43.46,-74.831,33.81
-124.33,43.784,-61.492,34.005
-124.51,43.593,-69.052,33.905
-124.57,43.057,-79.867,33.493
-124.44,43.29,-80.651,33.642
-124.45,43.019,-77.247,33.427
-124.37,43.084,-79.171,33.457
-124.39,42.75,-68.956,33.196
-124.51,42.79,-72.083,33.262
-124.42,42.885,-72.146,33.311
-124.57,42.892,-77.727,33.361
-124.63,43.294,-77.991,33.698
-124.47,43.391,-76.5,33.731
-124.63,43.159,-80.525,33.59
-124.61,43.428,-72.621,33.799
-124.6,43.025,-80.331,33.477
-124.69,43.063,-80.242,33.532
-124.66,42.929,-77.621,33.416
-124.71,42.999,-79.373,33.487
-124.82,43.004,-79.348,33.525
-124.75,43.403,-73.051,33.822
-124.89,43.272,-74.986,33.757
-124.88,43.543,-64.839,33.968
-124.72,43.332,-77.85,33.754
-124.7,43.466,-72.82,33.855
-124.41,43.852,-60.423,34.082
-124.67,43.6,-66.929,33.953
-124.38,43.985,-59.823,34.181
-124.73,43.841,-56.995,34.163
-124.36,44.12,-60.981,34.284
-124.53,43.993,-57.961,34.229
-124.47,43.821,-58.381,34.075
-124.62,43.731,-61.615,34.044
-124.68,44.652,-71.846,34.793
-124.57,44.61,-71.433,34.731
-124.72,45.196,-64.043,35.232
-124.44,45.167,-64.532,35.137
-124.42,44.762,-72.575,34.809
-124.52,44.669,-72.14,34.764
-124.36,44.525,-69.104,34.606
-124.51,44.399,-66.852,34.545
-124.56,44.475,-69.542,34.62
-124.57,44.067,-57.489,34.299
-124.51,44.264,-63.482,34.437
-124.41,44.222,-63.576,34.377
-124.04,44.319,-65.542,34.357
-124.25,44.322,-66.432,34.414
-124.25,44.457,-69.186,34.523
-124.2,44.898,-70.461,34.861
-124.36,44.661,-71.612,34.715
-124.36,44.931,-71.591,34.93
-124.35,44.39,-66.292,34.497
-124.41,44.492,-70.286,34.593
-124.36,44.796,-72.267,34.822
-124.26,44.999,-69.899,34.958
-124.38,45.066,-69.802,35.04
-124.21,45.033,-69.784,34.972
-124.46,45.301,-60.901,35.249
-124.3,45.269,-62.283,35.181
-124.39,45.201,-66.5,35.152
-124.28,45.134,-66.326,35.069
-124.43,45.032,-68.585,35.026
-124.56,45.21,-64.588,35.201
-124.52,44.805,-72.505,34.871
-124.62,45.288,-63.048,35.28
-124.58,44.746,-72.175,34.839
-124.42,44.897,-71.418,34.917
-124.74,44.89,-69.398,34.996
-124.68,44.789,-73.194,34.901
-124.52,44.94,-71.252,34.979
-124.7,45.061,-68.294,35.12
-124.6,45.153,-65.256,35.168
-124.76,45.162,-63.644,35.217
-124.58,45.018,-68.765,35.056
-124.58,44.882,-71.439,34.947
-124.93,45.194,-63.137,35.286
-124.9,45.363,-60.264,35.413
-124.72,44.483,-69.337,34.668
-124.84,44.686,-70.68,34.863
-124.66,44.38,-65.389,34.572
-124.74,44.754,-70.716,34.889
-124.68,44.925,-71.953,35.009
-124.84,44.822,-70.323,34.971
-124.56,44.339,-65.302,34.511
-124.52,44.128,-59.739,34.332
-124.87,44.245,-62.184,34.522
-124.67,44.516,-69.291,34.682
-124.88,43.876,-56.743,34.233
-124.81,44.415,-65.614,34.641
-124.86,44.381,-65.969,34.629
-124.73,44.618,-70.867,34.78
-124.83,44.55,-69.217,34.752
-124.89,44.652,-69.346,34.849
-125.01,44.99,-67.043,35.148
-124.91,45.059,-64.663,35.175
-124.97,44.314,-62.049,34.604
-125.02,44.415,-65.621,34.698
-124.98,44.584,-68.639,34.822
-125.17,44.179,-62.858,34.555
-125,44.855,-68.706,35.04
-125.27,44.241,-62.752,34.632
-125,44.719,-69.191,34.932
-124.9,44.788,-68.743,34.958
-125.02,45.125,-63.753,35.258
-124.86,45.093,-66.72,35.189
-125.05,45.26,-60.746,35.369
-124.88,45.228,-63.439,35.301
-125.07,45.394,-60.067,35.482
-124.95,45.329,-64.157,35.398
-125.12,45.36,-69.404,35.467
-125.17,45.023,-64.819,35.217
-125.09,45.226,-65.863,35.355
-125.33,44.912,-65.098,35.174
-125.07,45.091,-66.863,35.244
-125.17,44.887,-66.737,35.11
-125.06,44.956,-64.939,35.135
-125.21,44.718,-80.068,34.988
-125.38,45.006,-62.959,35.262
-125.22,44.988,-63.84,35.204
-125.38,45.316,-72.418,35.502
-125.23,45.123,-70.288,35.313
-125.29,45.391,-70.019,35.536
-125.35,45.182,-69.73,35.391
-125.26,45.257,-72.891,35.424
-125.19,45.157,-66.235,35.327
-125.42,45.276,-76.079,35.483
-125.38,44.87,-63.504,35.156
-125.32,44.472,-63.765,34.828
-125.39,45.141,-75.684,35.371
-125.33,45.048,-63.731,35.28
-125.32,44.777,-81.145,35.066
-125.37,44.737,-75.889,35.047
-125.32,44.201,-65.282,34.615
-125.34,44.606,-77.946,34.937
-125.27,44.376,-63.375,34.738
-125.27,44.512,-65.277,34.845
-125.12,44.348,-63.32,34.673
-125.3,44.644,-64.19,34.955
-125.17,44.449,-65.364,34.768
-125.22,44.853,-65.242,35.098
-125.12,44.483,-65.506,34.781
-125.16,44.752,-75.074,35.002
-125.06,44.82,-66.937,35.028
-125.14,44.618,-67.278,34.891
-125.05,44.685,-74.856,34.919
-125.18,44.584,-65.938,34.877
-125.03,44.55,-67.246,34.807
-125.02,44.28,-63.43,34.591
-125.13,44.078,-58.116,34.465
-124.99,44.043,-56.026,34.396
-125.31,43.144,-86.938,33.78
-125.25,43.546,-64.841,34.08
-125.24,43.914,-36.835,34.365
-125.36,43.846,-54.436,34.348
-125.17,43.946,-45.714,34.371
-125.32,43.976,-36.688,34.437
-125.17,44.314,-63.498,34.661
-125.12,44.213,-60.264,34.567
-125.34,44.068,-49.289,34.516
-125.38,43.94,-38.817,34.429
-125.42,43.809,-53.561,34.336
-125.24,43.681,-62.632,34.183
-125.15,42.984,-70.672,33.607
-125.43,43.673,-61.072,34.233
-125.39,43.576,-63.635,34.143
-125.43,43.538,-63.529,34.127
-125.24,43.049,-69.356,33.684
-125.38,43.441,-79.968,34.035
-125.24,43.411,-80.875,33.972
-125.29,43.648,-62.218,34.172
-125.29,43.179,-87.807,33.802
-125.19,43.116,-87.428,33.723
-125.36,43.273,-88.096,33.899
-125.3,43.512,-63.755,34.067
-125.15,43.613,-62.792,34.104
-125.21,43.278,-79.222,33.858
-125.16,43.478,-65.309,34
-125.24,43.246,-82.35,33.84
-125.34,43.309,-81.995,33.92
-125.41,43.403,-75.712,34.015
-125.07,43.079,-83.181,33.657
-125.12,43.016,-69.17,33.623
-125.15,43.343,-80.372,33.89
-125.17,43.147,-83.075,33.74
-125.11,43.511,-69.375,34.012
-124.84,44.008,-55.992,34.326
-125.27,43.782,-54.662,34.272
-125.09,43.879,-46.707,34.296
-125.28,43.378,-80.063,33.956
-125.11,43.376,-74.736,33.905
-125.02,43.911,-54.869,34.302
-125.22,43.815,-56.596,34.282
-124.94,43.845,-56.535,34.227
-125.04,44.01,-58.013,34.386
-124.97,44.178,-58.586,34.498
-124.81,44.279,-61.673,34.534
-125.02,44.144,-60.42,34.486
-124.87,44.11,-58.606,34.417
-124.99,43.713,-58.332,34.135
-125.07,43.78,-58.506,34.213
-125.1,43.647,-63.034,34.115
-125.13,43.748,-56.998,34.204
-124.82,44.143,-57.786,34.429
-124.66,44.244,-60.978,34.465
-124.67,44.108,-57.035,34.359
-124.56,44.203,-60.98,34.404
-124.6,43.932,-54.854,34.198
-124.64,43.801,-55.563,34.106
-124.73,43.538,-66.743,33.922
-124.82,43.576,-66.572,33.979
-124.85,43.305,-76.889,33.772
-124.98,43.341,-74.355,33.839
-124.84,43.441,-72.504,33.878
-124.98,43.476,-69.872,33.945
-124.99,43.174,-80.75,33.709
-125.11,43.21,-79.522,33.775
-124.96,43.206,-78.03,33.725
-124.95,43.042,-76.013,33.591
-124.8,43.036,-79.254,33.542
-124.92,43.073,-79.444,33.608
-124.83,43.17,-79.711,33.659
-124.76,43.267,-77.368,33.716
-124.79,42.87,-78.14,33.409
-124.89,42.774,-74.874,33.361
-124.74,42.767,-74.134,33.31
-124.95,42.574,-71.883,33.219
-124.69,42.332,-70.003,32.949
-124.72,41.464,-62.656,32.264
-124.68,42.199,-67.882,32.838
-124.61,41.392,-63.331,32.169
-124.82,42.371,-66.896,33.018
-124.73,42.464,-71.297,33.067
-124.64,41.826,-60.979,32.528
-124.46,40.998,-74.3,31.806
-124.59,41.556,-63.909,32.297
-124.38,40.896,-72.334,31.697
-124.81,42.239,-61.862,32.909
-124.89,41.64,-65.625,32.458
-124.8,41.702,-59.589,32.479
-124.76,41.733,-57.595,32.491
-124.82,41.837,-64.778,32.594
-124.79,41.868,-57.048,32.606
-125.01,42.812,-73.213,33.428
-124.79,42.402,-70.074,33.035
-124.94,42.044,-65.888,32.795
-124.84,41.971,-65.846,32.708
-124.93,41.909,-63.167,32.685
-124.8,42.003,-63.747,32.719
-124.99,42.013,-66.703,32.785
-124.83,42.106,-62.949,32.812
-125.04,42.479,-59.874,33.173
-124.97,42.147,-52.774,32.887
-124.94,42.41,-62.821,33.088
-124.86,42.503,-72.122,33.136
-124.92,42.441,-67.551,33.104
-124.84,42.67,-73.353,33.264
-124.96,42.709,-77.633,33.331
-124.86,42.806,-75.353,33.377
-124.98,42.844,-74.522,33.443
-124.91,42.909,-76.868,33.475
-124.88,42.638,-76.989,33.25
-124.82,42.535,-71.252,33.151
-125,42.677,-72.709,33.317
-125.07,42.448,-72.972,33.156
-124.98,42.542,-81.265,33.204
-124.89,42.309,-61.455,32.991
-124.91,42.177,-60.488,32.892
-125.06,42.317,-50.268,33.052
-125.07,42.613,-81.944,33.287
-125.17,42.512,-69.23,33.238
-125.13,42.85,-67.642,33.494
-125.24,42.744,-66.173,33.444
-125.26,43.013,-76.923,33.664
-125.21,42.916,-67.578,33.571
-125.23,42.608,-66.098,33.333
-125.19,42.479,-91.578,33.219
-125.14,42.385,-50.514,33.128
-125.12,42.715,-69.129,33.384
-125.19,42.646,-78.197,33.351
-125.11,42.187,-39.373,32.961
-125.19,42.354,-42.37,33.119
-125.18,42.256,-39.177,33.039
-125.22,42.128,-65.75,32.95
-125.26,41.963,-69.849,32.832
-125.24,42.228,-33.039,33.037
-125.06,41.518,-79.118,32.416
-125.2,41.858,-61.432,32.73
-125.08,42.085,-66.549,32.872
-125.27,42.097,-58.013,32.942
-124.94,42.278,-56.154,32.98
-125.04,42.217,-50.424,32.966
-125.13,42.054,-66.562,32.863
-125.22,41.993,-69.882,32.843
-124.97,41.878,-69.234,32.673
-125.05,41.816,-57.24,32.65
-124.94,41.609,-70.527,32.449
-124.96,41.259,-78.711,32.176
-124.91,41.476,-74.599,32.334
-124.91,41.13,-82.602,32.056
-125.11,41.303,-82.934,32.259
-125.03,41.548,-71.957,32.428
-124.98,41.418,-66.069,32.309
-125.04,41.682,-70.95,32.539
-125.18,41.59,-78.912,32.512
-125.1,41.785,-62.318,32.639
-125.19,41.724,-61.21,32.62
-125.24,41.828,-69.19,32.72
-125.24,41.693,-51.83,32.613
-125.13,41.461,-77.714,32.392
-125.22,41.561,-84.007,32.501
-125.08,41.332,-77.809,32.272
-125.16,41.433,-86.373,32.38
-125.06,41.173,-82.108,32.139
-124.97,41.073,-82.488,32.03
-124.92,40.921,-93.222,31.894
-124.85,40.529,-94.377,31.556
-124.9,40.948,-73.729,31.908
-124.99,41.046,-92.546,32.017
-124.83,40.554,-44.805,31.569
-124.9,40.656,-58.779,31.673
-124.85,40.685,-68.818,31.681
-124.9,40.791,-60.325,31.781
-124.88,41.158,-74.856,32.068
-124.73,41.115,-73.075,31.985
-124.62,40.562,-57.341,31.506
-124.76,40.609,-68.215,31.589
-124.56,40.459,-43.792,31.401
-124.69,40.506,-72.61,31.485
-124.72,40.481,-47.957,31.472
-124.58,40.432,-54.044,31.389
-124.36,40.737,-67.452,31.562
-124.45,40.384,-49.604,31.305
-124.62,40.697,-62.868,31.615
-124.48,40.65,-60.958,31.531
-124.56,40.913,-70.502,31.768
-124.58,40.726,-60.6,31.624
-124.93,41.288,-69.512,32.188
-124.81,41.216,-72.13,32.093
-124.86,41.346,-71.971,32.213
-124.78,41.245,-70.027,32.105
-124.53,40.941,-72.686,31.781
-124.71,41.304,-64.472,32.131
-124.76,41.086,-75.852,31.972
-124.63,41.202,-72.402,32.023
-124.67,40.985,-75.822,31.864
-124.51,41.129,-71.032,31.927
-124.41,40.868,-72.3,31.684
-124.61,41.042,-69.761,31.889
-124.58,41.071,-74.984,31.902
-124.66,41.173,-67.431,32.01
-124.79,41.567,-65.547,32.367
-124.65,41.66,-60.724,32.399
-124.51,41.657,-61.823,32.353
-124.44,41.458,-67.516,32.169
-124.76,41.434,-67.673,32.251
-124.57,41.422,-68.543,32.182
-124.28,40.863,-73.841,31.639
-124.31,40.335,-47.779,31.222
-124.33,40.765,-62.196,31.575
-124.47,40.811,-66.345,31.658
-124.44,40.68,-57.136,31.54
-124.5,40.783,-67.68,31.646
-124.34,40.468,-50.127,31.339
-124.48,40.515,-53.908,31.422
-124.2,40.6,-53.882,31.4
-124.2,40.464,-45.694,31.29
-124.29,40.363,-37.038,31.235
-124.23,40.733,-65.791,31.517
-124.17,40.671,-61.895,31.448
-124.3,40.633,-51.685,31.457
-124.3,40.497,-43.811,31.347
-124.34,40.603,-58.092,31.448
-124.02,40.534,-49.908,31.286
-124.16,40.402,-43.98,31.226
-124.02,40.399,-40.566,31.178
-124.14,40.27,-39.949,31.11
-124.05,40.237,-45.651,31.055
-124.07,40.37,-44.522,31.17
-123.88,40.351,-43.37,31.094
-123.92,40.457,-52.967,31.194
-123.84,40.839,-72.748,31.478
-123.98,40.723,-71.056,31.428
-124.06,40.505,-52.305,31.278
-124.08,40.638,-62.13,31.391
-124.15,40.538,-52.074,31.334
-124.06,40.987,-79.956,31.669
-124.04,40.666,-59.029,31.403
-124.09,40.797,-68.697,31.524
-123.92,41.104,-81.98,31.721
-124.17,41.06,-79.828,31.764
-124.1,41.118,-80.241,31.79
-124.29,41.455,-72.639,32.121
-124.43,42.226,-70.635,32.786
-124.4,41.325,-71.966,32.051
-124.3,41.292,-72.551,31.992
-124.21,41.031,-79.183,31.752
-124.27,40.932,-76.422,31.69
-124.17,40.899,-76.912,31.632
-124.22,40.802,-70.234,31.569
-124.48,41.159,-77.162,31.94
-124.36,41.195,-77.163,31.931
-124.56,41.261,-67.702,32.048
-124.42,41.257,-73.556,32.002
-124.47,41.388,-68.567,32.123
-124.53,41.29,-73.406,32.061
-124.68,41.795,-62.587,32.515
-124.38,41.99,-63.639,32.578
-124.51,41.86,-61.789,32.515
-124.61,41.691,-61.693,32.411
-124.42,41.825,-63.209,32.457
-124.54,41.791,-61.447,32.47
-124.66,41.961,-62.33,32.642
-124.57,41.926,-62.687,32.585
-124.7,42.065,-64.654,32.737
-124.56,42.061,-64.716,32.69
-124.76,42.599,-73.269,33.182
-124.62,42.46,-69.676,33.029
-124.66,42.73,-74.146,33.256
-124.7,42.496,-69.411,33.083
-124.64,42.595,-71.551,33.143
-124.59,42.526,-69.275,33.074
-124.51,42.489,-69.464,33.02
-124.48,42.521,-66.999,33.035
-124.45,42.387,-63.372,32.92
-124.58,42.327,-68.338,32.912
-124.5,42.129,-64.927,32.728
-124.52,42.261,-66.732,32.84
-124.55,42.758,-74.071,33.247
-124.49,42.655,-69.451,33.149
-124.41,42.255,-60.182,32.802
-124.39,42.449,-68.442,32.952
-124.37,42.124,-64.26,32.686
-124.33,42.346,-65.207,32.851
-124.42,42.093,-64.534,32.674
-124.36,42.315,-67.206,32.835
-124.43,41.959,-62.453,32.568
-124.29,42.214,-64.555,32.732
-124.38,41.855,-61.375,32.47
-124.29,42.052,-64.377,32.601
-124.46,41.592,-62.559,32.283
-124.48,41.726,-61.567,32.399
-124.38,41.691,-63.914,32.341
-124.24,41.649,-63.104,32.262
-124.27,41.783,-62.181,32.38
-124.35,41.722,-63.483,32.354
-124.2,41.68,-67.92,32.276
-124.1,41.607,-69.333,32.184
-124.24,41.813,-64.9,32.393
-124.13,41.741,-66.031,32.303
-124.1,41.771,-66.852,32.317
-124.03,42.006,-64.919,32.488
-124.24,41.948,-64.011,32.504
-124.15,41.875,-63.969,32.418
-124.31,42.185,-66.093,32.715
-124.11,41.907,-65.562,32.43
-124.24,42.274,-66.223,32.766
-124.16,42.173,-58.298,32.662
-124.41,42.584,-69.69,33.066
-124.28,42.711,-66.435,33.129
-124.36,42.48,-66.203,32.967
-124.29,42.543,-67.72,32.999
-124.24,42.084,-64.236,32.614
-124.18,42.144,-68.212,32.645
-124.16,42.011,-64.728,32.529
-124.01,42.071,-64.896,32.535
-124.01,42.46,-62.042,32.851
-124.16,42.402,-66.436,32.845
-124.26,42.575,-65.475,33.014
-124.31,42.679,-69.421,33.113
-124.17,42.737,-64.53,33.119
-123.94,42.826,-57.692,33.127
-124.05,42.429,-64.429,32.835
-124.1,42.333,-63.688,32.774
-123.99,42.326,-62.562,32.735
-124.07,42.2,-64.246,32.656
-123.93,42.035,-70.484,32.48
-123.98,41.939,-66.249,32.418
-123.87,41.768,-68.824,32.248
-123.97,41.804,-68.192,32.305
-123.96,41.603,-71.582,32.14
-123.86,41.202,-82.143,31.783
-123.8,41.503,-74.793,32.01
-124,41.736,-67.429,32.259
-123.84,41.799,-70.852,32.261
-123.94,41.67,-68.767,32.188
-123.73,41.237,-81.918,31.773
-123.75,41.008,-81.127,31.59
-123.62,41.003,-81.327,31.545
-123.71,40.875,-76.753,31.47
-123.82,41.07,-82.144,31.662
-123.88,40.972,-78.844,31.599
-123.8,41.139,-82.851,31.711
-123.95,41.075,-82.326,31.707
-123.86,41.405,-79.379,31.949
-123.9,41.538,-73.379,32.068
-123.84,41.271,-82.829,31.831
-123.96,41.236,-82,31.842
-123.9,41.336,-79.148,31.902
-123.99,41.37,-79.205,31.96
-123.91,40.942,-80.374,31.586
-124.02,41.016,-80.315,31.682
-123.87,40.809,-74.896,31.466
-124.02,40.854,-76.729,31.549
-124.15,41.249,-76.936,31.91
-124,41.206,-81.002,31.829
-123.83,40.677,-67.475,31.345
-123.94,40.751,-61.239,31.441
-123.76,40.573,-57.102,31.236
-123.9,40.62,-52.757,31.32
-123.88,40.486,-48.947,31.203
-123.94,40.591,-64.032,31.307
-123.93,40.321,-44.528,31.086
-123.8,40.273,-44.267,31.003
-123.79,40.409,-50.212,31.111
-123.66,40.539,-59.39,31.179
-123.78,40.138,-45.511,30.888
-123.66,40.133,-43.364,30.844
-123.74,40.438,-49.857,31.12
-123.79,40.544,-58.15,31.224
-123.54,40.576,-64.344,31.171
-123.64,40.404,-51.658,31.063
-123.51,40.443,-57.57,31.052
-123.65,40.269,-45.12,30.954
-123.51,40.308,-50.927,30.94
-123.61,40.206,-45.995,30.89
-123.47,40.202,-45.956,30.841
-123.61,40.072,-44.182,30.777
-123.52,40.038,-48.077,30.722
-123.37,40.259,-50.888,30.857
-123.37,40.395,-56.558,30.969
-123.51,40.605,-62.948,31.184
-123.47,40.471,-54.388,31.064
-123.48,40.067,-44.286,30.732
-123.39,40.124,-46.839,30.75
-123.46,40.797,-76.798,31.329
-123.58,40.709,-71.295,31.292
-123.5,40.93,-81.488,31.45
-123.65,40.974,-81.384,31.532
-123.43,40.826,-76.321,31.342
-123.58,40.871,-76.458,31.424
-123.33,40.792,-76.575,31.283
-123.39,40.692,-69.664,31.221
-123.43,40.663,-71.105,31.209
-123.36,40.558,-62.855,31.101
-123.26,40.524,-63.678,31.043
-123.33,40.424,-55.899,30.981
-123.51,41.091,-84.683,31.585
-123.28,41.254,-90.905,31.651
-123.41,41.057,-84.676,31.526
-123.32,41.224,-88.013,31.638
-123.37,40.925,-81.909,31.405
-123.28,41.092,-87.981,31.517
-123.3,40.862,-82.12,31.333
-123.2,40.828,-82.211,31.275
-123.05,40.321,-53.9,30.809
-123.24,40.119,-46.637,30.701
-123.23,40.254,-50.603,30.809
-123.2,40.056,-45.728,30.637
-123.39,39.988,-46.912,30.638
-123.25,39.983,-45.161,30.593
-123.06,40.051,-44.357,30.588
-123.21,39.921,-43.868,30.527
-123.19,40.191,-49.356,30.743
-123.09,40.157,-49.842,30.687
-123.11,40.022,-46.309,30.581
-122.97,40.016,-44.673,30.531
-123.09,40.292,-55.91,30.798
-122.92,40.358,-60.474,30.8
-122.94,40.492,-68.473,30.919
-122.87,40.592,-76.295,30.98
-122.77,40.082,-46.993,30.525
-122.95,39.819,-42.069,30.36
-122.79,39.948,-43.03,30.419
-122.84,39.92,-43.832,30.412
-122.68,40.004,-47.439,30.434
-122.86,39.786,-42.063,30.305
-122.73,39.735,-41.726,30.222
-122.81,40.189,-53.645,30.627
-122.96,40.287,-54.488,30.752
-123,40.556,-69.141,30.989
-122.83,40.621,-76.326,30.993
-122.91,40.089,-47.479,30.573
-122.91,40.223,-53.219,30.684
-123.06,40.823,-82.892,31.23
-122.86,40.754,-83.784,31.113
-122.99,41.15,-95.951,31.478
-122.8,40.975,-94.508,31.277
-123.09,41.409,-94.725,31.723
-122.92,41.208,-96.826,31.508
-122.89,41.237,-98.401,31.523
-122.9,40.887,-89.073,31.235
-122.94,40.857,-88.348,31.221
-123.1,40.955,-87.647,31.351
-122.97,40.626,-76.13,31.038
-123.18,41.22,-90.929,31.594
-123,40.76,-82.838,31.158
-123.17,40.695,-75.964,31.155
-123.1,40.59,-68.729,31.047
-123.03,40.69,-76.344,31.109
-123.04,40.892,-88.369,31.279
-123.16,40.857,-82.824,31.288
-123.08,41.023,-92.362,31.401
-123.21,40.989,-87.627,31.41
-123.38,41.126,-88.161,31.575
-123.48,41.323,-83.963,31.767
-123.55,41.653,-77.712,32.059
-123.46,41.617,-78.104,32.001
-123.33,41.611,-82.087,31.96
-123.43,41.647,-81.9,32.016
-123.28,41.48,-86.263,31.838
-123.23,41.35,-89.337,31.715
-123.14,41.087,-90.123,31.473
-123.25,41.122,-90.145,31.531
-123.16,41.286,-93.526,31.643
-123.07,41.252,-93.705,31.585
-122.95,41.366,-97.806,31.647
-123.02,41.121,-94.404,31.464
-123.13,41.752,-86.259,32.017
-123.17,41.509,-87.16,31.83
-123.2,41.668,-86.908,31.967
-123.32,41.676,-82.336,32.008
-123.22,41.639,-82.472,31.951
-123.27,41.545,-87.002,31.887
-123.32,41.923,-75.994,32.212
-123.36,41.806,-76.639,32.129
-123.37,42.053,-70.399,32.333
-123.35,42.246,-62.094,32.485
-123.55,42.328,-59.06,32.609
-123.62,42.169,-63.156,32.5
-123.44,42.155,-64.804,32.436
-123.58,42.038,-67.356,32.38
-123.67,42.437,-58.146,32.734
-123.48,42.062,-67.359,32.373
-123.57,42.263,-62.677,32.563
-123.52,41.909,-71.249,32.258
-123.6,42.009,-70.426,32.363
-123.43,41.933,-71.148,32.251
-123.59,41.786,-73.342,32.178
-123.69,41.984,-67.909,32.37
-123.54,42.13,-66.789,32.445
-123.49,41.999,-70.945,32.324
-123.65,42.139,-66.053,32.484
-123.86,42.787,-60.61,33.072
-123.71,42.406,-60.833,32.718
-123.87,42.284,-62.029,32.666
-123.77,42.311,-58.829,32.658
-123.93,42.388,-64.551,32.767
-123.75,42.113,-68.505,32.492
-123.63,41.918,-67.188,32.297
-123.64,41.854,-71.121,32.249
-123.76,41.86,-68.839,32.29
-123.69,42.046,-66.467,32.419
-123.73,42.177,-62.375,32.539
-123.46,41.391,-85.379,31.816
-123.62,41.328,-81.057,31.812
-123.36,41.356,-85.499,31.758
-123.42,41.259,-88.189,31.696
-123.54,41.062,-83.401,31.571
-123.45,41.19,-85.024,31.647
-123.51,41.522,-81.741,31.938
-123.58,41.358,-84.206,31.825
-123.57,41.587,-78.328,32.01
-123.73,41.401,-81.204,31.904
-123.8,41.992,-68.988,32.409
-123.84,41.635,-70.902,32.13
-123.66,41.135,-83.352,31.666
-123.58,41.194,-82.96,31.692
-123.77,41.533,-78.14,32.024
-123.66,41.461,-78.791,31.932
-123.81,41.665,-74.698,32.144
-123.62,41.49,-81.291,31.946
-123.74,41.725,-71.223,32.172
-123.67,41.622,-77.443,32.068
-123.78,42.021,-60.223,32.426
-123.86,41.933,-68.135,32.377
-123.83,42.151,-64.502,32.547
-123.9,42.063,-61.741,32.497
-123.82,42.38,-61.997,32.728
-123.79,42.246,-64.99,32.611
-124.03,42.595,-61.85,32.966
-123.95,42.523,-63.88,32.883
-123.96,42.193,-57.935,32.617
-124.02,42.295,-64.673,32.719
-124.09,42.699,-65.892,33.064
-123.98,42.794,-64.394,33.112
-124.07,43.001,-67.232,33.304
-123.72,43.718,-80.982,33.786
-124.05,43.135,-72.606,33.407
-124.03,43.368,-78.319,33.589
-123.94,42.962,-62.637,33.237
-123.77,43.119,-59.892,33.316
-124.05,42.73,-62.009,33.08
-124.1,42.833,-69.049,33.179
-123.83,42.516,-60.572,32.844
-123.91,42.555,-57.985,32.898
-123.69,42.573,-54.379,32.849
-123.79,42.445,-57.329,32.773
-123.44,43.494,-68.373,33.53
-123.84,43.058,-65.641,33.284
-123.92,43.097,-68.281,33.339
-123.72,43.25,-61.629,33.408
-123.82,42.851,-56.541,33.113
-123.85,42.651,-59.607,32.958
-123.89,43.33,-75.275,33.52
-123.62,43.576,-77.867,33.644
-123.74,43.32,-71.731,33.471
-123.34,43.755,-77.106,33.717
-123.51,43.465,-71.028,33.525
-123.37,43.857,-77.523,33.807
-123.54,43.634,-79.051,33.67
-123.47,44.382,-56.607,34.258
-123.71,43.618,-81.486,33.702
-123.56,43.707,-82.03,33.736
-123.88,43.23,-69.91,33.435
-123.68,43.449,-73.889,33.558
-123.79,43.19,-66.64,33.38
-123.94,43.199,-71.887,33.427
-123.98,43.498,-78.442,33.679
-123.84,43.459,-77.878,33.609
-123.77,43.489,-77.453,33.614
-123.97,43.399,-78.162,33.596
-123.77,43.588,-80.846,33.696
-123.91,43.528,-78.721,33.684
-123.8,43.787,-78.785,33.865
-123.81,44.023,-71.456,34.057
-123.75,44.056,-73.2,34.068
-123.6,44.018,-76.227,33.998
-123.5,43.975,-76.642,33.938
-123.53,43.84,-80.643,33.836
-123.79,44.158,-67.96,34.161
-123.64,44.121,-69.043,34.092
-123.74,44.191,-68.479,34.173
-123.79,44.293,-64.926,34.268
-123.56,44.834,-49.171,34.646
-123.77,44.699,-63.44,34.591
-123.78,44.97,-66.718,34.81
-123.62,44.936,-62.619,34.743
-123.57,45.106,-56.364,34.868
-123.73,45.004,-63.373,34.825
-123.61,44.664,-57.813,34.523
-123.72,44.597,-58.193,34.497
-123.4,44.576,-46.021,34.398
-123.63,44.257,-64.392,34.199
-123.46,44.518,-50.116,34.366
-123.49,43.766,-81.161,33.766
-123.41,45.119,-60.877,34.838
-123.56,44.97,-53.36,34.757
-123.29,44.938,-48.061,34.664
-123.46,45.062,-56.685,34.805
-123.4,44.847,-41.993,34.616
-123.4,44.983,-46.428,34.727
-123.3,44.532,-44.971,34.336
-123.24,44.565,-34.533,34.349
-123.27,44.159,-60.914,34.027
-123.25,44.43,-43.593,34.242
-123.59,44.154,-70.362,34.104
-123.47,44.246,-63.682,34.15
-123.47,43.9,-80.597,33.867
-123.31,43.889,-75.522,33.818
-123.48,44.11,-70.912,34.043
-123.35,43.991,-72.628,33.91
-123.44,44.035,-73.623,33.97
-123.43,44.17,-65.134,34.076
-123.34,43.382,-57.586,33.412
-123.51,43.367,-60.987,33.445
-123.29,43.58,-70.769,33.561
-123.38,43.623,-77.273,33.62
-123.26,44.294,-49.836,34.135
-123.33,44.126,-65.136,34.015
-123.11,44.174,-51.456,33.999
-123.29,44.024,-70.278,33.921
-123.42,44.305,-55.626,34.184
-123.41,44.441,-49.98,34.291
-123.09,44.444,-28.408,34.212
-123.31,44.397,-49.876,34.229
-123.23,44.701,-36.279,34.458
-122.91,44.973,-49.758,34.6
-122.92,44.567,-19.218,34.271
-123.16,44.25,-52.222,34.073
-122.93,44.432,-34.701,34.163
-123.17,44.115,-61.02,33.966
-123.15,44.386,-45.642,34.18
-123.1,44.309,-38.165,34.106
-123,44.264,-41.706,34.044
-123.13,44.039,-60.357,33.893
-123.08,44.579,-31.919,34.32
-122.97,44.534,-42.548,34.257
-123.07,44.849,-40.442,34.538
-123.13,44.928,-43.212,34.616
-122.91,44.702,-17.993,34.38
-122.97,44.669,-41.23,34.366
-122.98,44.399,-37.534,34.151
-122.83,44.362,-40.818,34.082
-123.15,43.904,-67.007,33.789
-122.96,44.162,-48.611,33.95
-123.22,43.846,-72.45,33.758
-123.03,43.995,-60.233,33.832
-123.27,43.509,-60.313,33.497
-123.06,43.626,-56.63,33.54
-123.22,43.638,-66.507,33.589
-123.09,43.728,-66.351,33.628
-123.18,43.771,-70.603,33.688
-123,43.893,-58.927,33.74
-123.18,43.37,-49.016,33.36
-122.88,43.414,-43.867,33.319
-123.35,42.787,-45.742,32.929
-123.25,43.049,-41.904,33.116
-123.56,42.868,-45.819,33.052
-123.38,43.089,-46.13,33.185
-123.52,43,-46.168,33.15
-123.32,43.216,-48.41,33.271
-123.47,43.129,-48.572,33.24
-123.25,43.244,-45.543,33.276
-123.58,43.338,-63.516,33.44
-123.35,43.452,-59.146,33.473
-123.66,43.379,-72.215,33.496
-123.6,43.506,-78.188,33.582
-123.57,43.24,-56.773,33.359
-123.42,43.326,-55.89,33.389
-123.54,43.07,-51.858,33.213
-123.74,42.812,-57.646,33.058
-123.4,43.257,-52.813,33.327
-123.25,43.341,-52.02,33.355
-123.59,42.939,-51.139,33.118
-123.61,42.804,-52.634,33.016
-123.69,42.844,-49.546,33.071
-123.82,42.716,-56.626,33.002
-123.74,42.677,-59.252,32.947
-123.8,42.581,-57.462,32.888
-123.61,42.533,-58.131,32.794
-123.56,42.463,-55.887,32.723
-123.62,42.669,-55.111,32.907
-123.7,42.708,-50.838,32.962
-123.45,42.454,-55.791,32.684
-123.46,42.289,-61.252,32.554
-123.57,42.598,-51.654,32.837
-123.47,42.828,-47.722,32.997
-123.57,42.733,-47.843,32.947
-123.24,42.95,-40.763,33.033
-123.37,42.653,-49.64,32.824
-123.45,42.725,-47.028,32.905
-123.33,42.548,-52.299,32.729
-123.49,42.558,-54.874,32.782
-123.43,42.319,-60.875,32.569
-123.48,42.423,-58.701,32.669
-123.45,42.59,-51.795,32.796
-123.49,42.693,-51.033,32.892
-123.42,42.859,-44.026,33.007
-123.44,42.96,-45.872,33.094
-123.16,42.909,-41.14,32.978
-122.75,43.601,-44.891,33.44
-123.29,42.818,-43.516,32.939
-123.31,42.92,-42.792,33.026
-123.37,42.517,-54.45,32.714
-123.24,42.644,-49.365,32.782
-123.36,42.381,-57.945,32.601
-123.13,42.532,-50.417,32.659
-123.13,42.261,-61.581,32.436
-123.09,42.428,-58.187,32.564
-122.93,43.052,-36.134,33.034
-122.78,43.039,-33.832,32.983
-123.14,42.839,-40.575,32.915
-123.08,42.968,-37.542,33.005
-123.21,42.437,-55.9,32.604
-123.21,42.572,-50.079,32.714
-122.71,43.329,-34.949,33.205
-123.1,43.037,-39.155,33.066
-122.72,43.428,-41.642,33.287
-123.01,43.093,-36.104,33.09
-122.72,43.734,-48.768,33.539
-122.83,43.543,-48.024,33.411
-122.66,43.558,-45.704,33.381
-122.8,43.47,-41.219,33.345
-122.65,43.457,-38.803,33.295
-123.03,43.163,-39.346,33.15
-122.94,43.218,-36.268,33.172
-122.97,43.456,-44.629,33.376
-123.18,43.078,-39.264,33.122
-122.95,43.287,-40.871,33.233
-123.11,43.204,-39.925,33.206
-123.11,43.301,-45.479,33.285
-123.04,43.329,-41.821,33.29
-123.04,43.427,-49.976,33.37
-122.94,43.688,-56.811,33.558
-122.78,43.676,-51.239,33.509
-122.85,43.854,-53.031,33.67
-123.03,43.759,-58.804,33.638
-122.8,44.124,-48.267,33.88
-122.66,44.351,-43.303,34.033
-122.77,44.395,-34.845,34.095
-122.48,44.634,-54.181,34.221
-122.81,44.498,-33.699,34.189
-122.59,44.544,-47.091,34.174
-122.86,44.091,-52.444,33.868
-122.97,44.027,-54.849,33.844
-122.96,44.804,-40.331,34.476
-122.63,44.894,-53.797,34.471
-122.91,44.838,-40.214,34.49
-122.74,44.94,-35.651,34.534
-122.64,44.622,-48.953,34.25
-122.75,44.804,-32.365,34.423
-122.96,44.939,-48.999,34.586
-122.8,44.906,-56.88,34.519
-122.76,44.531,-35.302,34.203
-122.8,44.634,-41.134,34.298
-122.84,44.227,-47.291,33.975
-122.68,44.215,-46.921,33.926
-122.8,44.77,-54.525,34.408
-122.64,44.758,-47.894,34.36
-122.58,44.815,-52.508,34.394
-122.47,44.77,-56.751,34.331
-122.6,44.408,-42.831,34.066
-122.65,44.486,-43.749,34.141
-122.5,44.363,-48.143,34.004
-122.46,44.26,-51.067,33.909
-122.48,44.125,-50.4,33.803
-122.38,44.08,-52.495,33.741
-122.54,44.093,-50.801,33.79
-122.56,43.721,-47.556,33.49
-122.75,43.81,-53.337,33.61
-122.88,43.72,-51.128,33.568
-122.72,43.944,-53.343,33.713
-122.53,43.855,-49.909,33.592
-122.68,43.868,-50.439,33.641
-122.56,43.958,-52.067,33.685
-122.62,43.69,-49.622,33.48
-122.47,43.677,-48.348,33.43
-122.38,43.327,-39.808,33.12
-122.51,43.544,-44.192,33.331
-122.33,44.486,-55.714,34.064
-122.13,44.26,-60.603,33.831
-122.52,44.228,-48.564,33.897
-122.36,44.215,-53.274,33.848
-122.59,43.824,-51.638,33.581
-122.43,43.811,-50.891,33.532
-122.49,44.499,-52.222,34.112
-122.32,44.622,-58.328,34.173
-122.31,44.758,-61.062,34.284
-122.43,44.532,-52.818,34.126
-122.16,44.498,-60.77,34.035
-122.27,44.544,-59.722,34.097
-122.18,44.362,-58.717,33.926
-122.28,44.408,-57.604,33.988
-122.21,44.092,-55.444,33.712
-122.34,44.351,-53.778,33.955
-122.12,44.395,-62.368,33.94
-122.29,44.273,-55.683,33.88
-122.09,44.803,-64.478,34.269
-122.26,44.679,-61.714,34.207
-122.1,44.667,-64.442,34.159
-122.19,44.227,-56.746,33.818
-122.15,44.124,-58.26,33.724
-122.18,43.989,-56.441,33.619
-122.34,44.003,-53.494,33.668
-122.31,44.138,-54.594,33.773
-122.34,43.558,-47.368,33.301
-122.27,43.824,-53.008,33.503
-122.24,43.958,-54.25,33.607
-122.33,43.456,-45.032,33.213
-122.62,42.956,-32.467,32.872
-122.61,43.051,-31.672,32.949
-122.53,43.174,-33.374,33.029
-122.45,43.201,-35.063,33.033
-122.61,43.216,-33.267,33.086
-122.39,43.427,-42.647,33.205
-122.54,43.341,-37.251,33.171
-122.48,43.47,-42.258,33.263
-122.69,43.093,-31.601,33.004
-122.78,43.301,-37.982,33.199
-122.94,42.955,-36.118,32.956
-122.7,43.162,-33.375,33.064
-122.86,43.08,-33.702,33.039
-122.86,43.176,-36.243,33.116
-122.62,43.286,-35.239,33.147
-122.78,43.204,-33.207,33.12
-122.95,42.586,-48.203,32.654
-122.76,42.805,-36.429,32.786
-123.05,42.697,-45.401,32.774
-122.92,42.788,-40.334,32.814
-123.1,42.667,-45.2,32.763
-122.97,42.657,-45.466,32.719
-123,42.523,-51.654,32.617
-123.09,42.292,-64.499,32.451
-122.97,42.452,-55.117,32.55
-122.82,42.677,-41.745,32.697
-123.02,42.388,-58.018,32.509
-122.89,42.411,-54.891,32.495
-122.7,42.833,-36.072,32.791
-122.9,42.718,-41.745,32.751
-122.69,42.929,-32.893,32.869
-122.84,42.846,-36.357,32.841
-122.76,42.706,-42.187,32.704
-122.81,42.576,-49.572,32.61
-122.85,42.442,-57.39,32.508
-122.87,42.545,-48.094,32.599
-122.89,42.14,-68.571,32.27
-122.86,42.306,-64.853,32.4
-123.01,42.252,-64.241,32.396
-122.86,42.17,-72.316,32.286
-122.76,41.745,-89.143,31.908
-122.67,41.647,-97.586,31.801
-122.86,42.006,-75.242,32.152
-122.6,41.524,-99.583,31.677
-122.39,41.125,-98.162,31.287
-122.63,41.411,-100.54,31.593
-122.44,41.278,-97.277,31.428
-122.7,41.535,-98.882,31.717
-122.61,41.498,-99.063,31.66
-122.69,41.621,-95.034,31.784
-122.56,41.287,-100.26,31.469
-122.53,41.375,-100.53,31.536
-122.56,41.224,-100.53,31.418
-122.46,41.251,-99.987,31.412
-122.6,41.132,-99.261,31.351
-122.5,41.097,-98.853,31.293
-122.66,41.259,-100.56,31.475
-122.63,41.35,-100.89,31.542
-122.73,41.386,-100.59,31.599
-122.7,41.475,-99.301,31.667
-122.9,41.914,-82.375,32.087
-122.82,41.485,-96.601,31.707
-122.78,41.659,-95.082,31.841
-122.82,41.874,-81.958,32.031
-122.85,41.724,-89.971,31.915
-122.85,41.785,-89.418,31.964
-122.9,42.275,-61.7,32.385
-122.97,42.18,-68.876,32.326
-122.99,42.116,-70.454,32.28
-123,41.891,-83.983,32.094
-122.96,41.983,-76.836,32.16
-123.02,41.863,-77.994,32.077
-122.91,41.852,-83.388,32.038
-122.93,41.763,-90.5,31.971
-123.11,41.841,-80.11,32.084
-123.04,42.023,-77.326,32.216
-123.17,41.97,-74.289,32.207
-123.15,42.033,-73.125,32.255
-123.19,42.166,-67.23,32.374
-123.21,42.301,-61.618,32.491
-123.31,42.276,-63.58,32.501
-123.25,42.372,-59.027,32.562
-123.29,42.142,-68.698,32.383
-123.23,42.237,-64.184,32.446
-123.34,41.896,-72.358,32.195
-123.21,41.852,-75.105,32.123
-123.32,42.112,-66.53,32.367
-123.21,42.102,-69.105,32.328
-123.07,41.993,-72.623,32.199
-123.1,41.902,-78.867,32.134
-123.04,41.714,-85.942,31.961
-123.07,41.624,-91.295,31.894
-123.28,41.769,-77.019,32.073
-123.15,41.725,-80.824,32
-123.04,41.466,-91.839,31.754
-123.12,41.381,-91.41,31.708
-122.98,41.338,-95.444,31.631
-123.04,41.28,-96.114,31.6
-123.01,41.495,-95.254,31.77
-123.09,41.596,-87.04,31.877
-122.63,40.876,-94.326,31.147
-122.84,41.107,-97.398,31.4
-122.75,41.358,-99.594,31.583
-122.98,41.587,-91.564,31.837
-122.95,41.737,-84.307,31.954
-122.97,41.649,-91.519,31.887
-122.88,41.611,-91.443,31.83
-122.91,41.522,-96.179,31.764
-122.78,41.267,-100.3,31.516
-122.85,41.394,-99.276,31.64
-122.72,41.138,-99.621,31.393
-122.63,41.103,-99.383,31.335
-122.55,40.611,-83.159,30.903
-122.45,40.739,-87.73,30.98
-122.58,40.541,-76.602,30.853
-122.35,40.704,-86.838,30.922
-122.62,40.675,-84.132,30.974
-122.79,40.813,-89.111,31.14
-122.67,41.008,-97.917,31.269
-122.54,41.002,-96.999,31.227
-122.74,41.072,-97.442,31.342
-122.83,40.945,-93.692,31.263
-122.87,41.077,-96.466,31.385
-122.94,41.018,-93.523,31.356
-122.81,40.487,-68.75,30.874
-122.72,40.546,-76.457,30.898
-122.68,40.575,-76.498,30.911
-122.75,40.68,-83.824,31.019
-122.7,40.94,-94.419,31.219
-122.75,40.842,-89.837,31.154
-122.63,40.169,-53.338,30.555
-122.66,40.44,-68.993,30.791
-122.85,40.458,-68.82,30.861
-122.7,40.411,-69.134,30.779
-122.83,40.324,-60.913,30.743
-122.68,40.276,-61.25,30.66
-122.63,40.033,-47.015,30.442
-122.54,40.134,-54.555,30.498
-122.65,39.898,-43.098,30.335
-122.54,39.998,-47.873,30.385
-122.44,39.766,-45.019,30.159
-122.55,39.666,-40.945,30.111
-122.71,39.87,-43.398,30.328
-122.56,39.863,-43.775,30.278
-122.56,40.405,-69.497,30.733
-122.46,40.576,-82.744,30.845
-122.51,40.341,-68.57,30.663
-122.23,40.372,-73.98,30.609
-122.49,40.07,-55.111,30.43
-122.4,40.035,-56.582,30.374
-122.29,39.563,-44.64,29.945
-122.33,39.625,-43.996,30.006
-122.21,39.528,-45.606,29.89
-122.43,40.442,-75.672,30.725
-122.26,40.165,-64.385,30.442
-122.35,40.064,-57.159,30.384
-122.32,40.571,-81.152,30.8
-122.41,39.9,-49.443,30.264
-122.27,39.893,-52.131,30.215
-122.29,40.436,-75.154,30.679
-122.39,40.471,-75.081,30.737
-122.49,40.871,-93.431,31.103
-122.57,40.973,-97.282,31.212
-122.42,40.605,-81.608,30.858
-122.49,40.709,-88.593,30.966
-122.27,40.301,-69.612,30.56
-122.37,40.336,-68.841,30.618
-122.36,40.2,-63.077,30.5
-122.41,40.306,-69.278,30.606
-122.08,40.23,-70.201,30.445
-122.12,40.501,-77.51,30.685
-122.19,40.605,-83.753,30.793
-122.24,40.898,-88.801,31.054
-122.33,40.998,-95.68,31.163
-122.15,40.635,-80.996,30.807
-122.23,40.738,-88.416,30.915
-122.09,40.366,-73.576,30.564
-122.16,40.471,-78.886,30.671
-122.17,39.661,-49.286,29.99
-122.12,40.066,-65.295,30.317
-122.23,39.83,-53.507,30.151
-122.21,39.965,-58.994,30.26
-122.26,39.696,-48.616,30.046
-122.15,39.555,-47.016,29.895
-122.11,39.688,-50.79,29.997
-122.14,39.795,-54.144,30.094
