-119.65,41.839,0.48852,1.198
-119.61,41.853,-2.3492,1.054
-119.58,41.851,-0.47421,0.89
-119.49,41.867,-1.0712,1.063
-119.71,41.929,1.2674,1.118
-119.71,41.806,-1.3515,0.937
-122.2,49.072,-1.3453,0.83
-120.1,42.761,0.33747,0.5
-120.01,42.196,-1.3097,1.147
-123.49,48.39,1.8005,0.727
-123.49,48.39,2.0195,0.87
-123.49,48.39,1.0585,0.5
-117.14,46.133,1.1459,0.628
-118.17,40.146,0.80028,0.512
-122.14,48.174,-1.2634,0.5
-120.18,45.708,-1.1701,0.517
-121.37,43.821,-0.2343,0.766
-122.67,42.181,-0.015316,0.689
-125.14,48.835,3.0407,0.596
-117.2,40.413,0.070931,0.5
-117.86,42.412,0.099733,0.877
-117.21,40.516,0.086931,0.722
-118.29,41.439,-0.93241,0.762
-122.33,49.052,-1.5363,0.644
-123,49.251,0.57508,0.704
-117.65,49.312,1.7112,0.561
-122,49.147,-0.28558,0.784
-122.79,49.279,-0.81392,0.964
-124.98,49.7,4.8937,0.812
-123.07,49.032,-0.63192,0.831
-123.43,48.429,-0.34558,0.591
-121.44,49.379,0.1339,0.815
-119.5,49.885,-1.801,0.959
-122.66,49.104,-0.78592,0.952
-123.15,49.115,-0.80931,0.602
-122.54,49.221,-2.11,0.646
-123.45,48.648,0.37342,0.578
-119.59,49.499,0.16604,0.941
-123.76,49.472,1.4031,0.833
-122.86,49.192,-0.98092,0.574
-119.64,49.565,-0.29767,0.606
-123.8,48.559,1.3539,0.589
-123.15,49.699,1.5541,1.005
-123.08,49.006,-0.63292,1.267
-123.09,49.276,-1.2169,0.569
-123.39,48.481,0.80442,0.633
-117.35,48.987,0.14148,0.641
-122.48,48.755,0.58909,0.515
-121.32,44.057,-0.17923,0.5
-122.13,47.617,-1.0102,0.619
-119.83,40.729,-1.446,0.874
-118.99,47.933,-0.21412,0.515
-124.25,47.539,1.6738,0.778
-121.85,44.246,-1.6505,1.218
-119.09,40.77,-0.53515,1.392
-118.05,40.949,0.88681,0.5
-121.05,42.407,-1.1074,0.652
-122.93,48.016,0.10245,1.802
-121.31,44.089,-0.32423,0.717
-119.38,40.272,-0.71429,1.113
-120.33,46.883,-1.2807,0.827
-120.11,41.23,1.4008,1.019
-119.68,48.132,-0.45284,0.5
-123.02,49.27,-1.3119,1.543
-123.02,49.275,-1.2819,0.892
-118.19,44.44,0.7144,1.089
-122.13,47.554,-1.4722,0.554
-122.8,45.486,-1.0527,0.758
-117.27,40.361,0.55922,0.5
-117.84,42.78,-0.45597,0.5
-119.84,40.519,-0.19406,0.814
-119.84,41.479,-0.67414,0.5
-124.56,42.836,1.1835,0.5
-124.18,41.746,2.8815,0.621
-121.23,40.31,-0.46504,1.005
-120.7,40.422,0.45208,1.534
-121.43,41.018,2.429,0.906
-122.31,41.314,1.5318,1.417
-119.24,40.833,-0.99452,0.5
-123.37,46.197,-0.46774,0.529
-122.19,47.614,-0.20018,0.611
-117.98,46.321,-0.26052,0.883
-122.78,48.011,-0.48521,0.661
-119.99,47.832,-0.68458,0.536
-121.79,43.224,-0.60606,0.539
-122,49.144,-0.28558,1.096
-121.95,49.153,1.3164,1.253
-122.01,49.157,-0.24558,0.57
-123.98,45.487,0.46107,0.522
-121.15,43.751,0.5947,0.71
-122.09,42.976,-1.7168,0.778
-122.14,42.896,-1.9367,1.244
-122.02,42.923,-1.8398,1.056
-124.13,48.82,2.5079,0.544
-122.15,42.934,-2.2547,0.982
-124.4,40.442,-1.833,0.603
-124.4,40.441,-0.68055,0.679
-121.75,48.539,-1.9053,0.583
-118.35,40.25,0.15528,0.752
-117.9,48.545,-0.21298,0.5
-120.18,45.238,-0.85142,0.521
-123.3,44.586,1.4921,0.5
-119.34,41.591,-1.5944,0.793
-122.26,46.059,-0.4683,1.055
-122.69,48.217,0.17449,0.533
-125,49.69,5.1907,1.191
-121.23,43.722,-1.3613,1.376
-120.31,47.43,-1.6533,0.954
-122.26,46.84,-0.75956,0.562
-122.26,46.84,-0.53556,0.5
-115.77,49.522,1.8296,0.736
-118.57,43.416,-0.89857,0.966
-115.67,49.6,0.90256,3.207
-122.91,46.275,-1.2686,0.5
-121.73,46.871,-0.10882,1.018
-121.73,46.871,0.45218,1.057
-122.24,47.381,-1.2582,0.527
-117.66,49.258,1.0432,0.739
-122.89,42.377,-0.089401,0.568
-121.69,47.975,-0.08696,0.98
-123.22,47.423,0.79602,0.56
-122.5,45.611,-0.95313,0.651
-120.42,42.791,0.45596,0.5
-123.34,43.211,0.24579,0.614
-123.24,43.119,0.77695,0.5
-123.93,47.469,3.9306,0.632
-120.47,40.204,-1.2116,0.895
-123.02,49.134,-1.3429,0.76
-117.16,48.137,0.47229,0.648
-120.15,40.026,-0.21469,0.964
-119.62,49.323,0.36304,0.868
-119.62,49.322,-0.27896,0.868
-119.62,49.323,-0.47296,0.72
-119.62,49.323,-0.080958,0.5
-119.85,40.401,-0.98006,0.85
-118.15,47.656,0.51531,0.539
-122.08,47.774,-0.97938,1.527
-117.31,40.901,1.8621,0.711
-120.79,43.031,-0.038103,0.623
-117.93,45.565,2.937,1.067
-115.82,40.915,-0.52582,0.5
-122.76,47.498,-0.81075,0.507
-117.29,45.431,0.71623,0.585
-121.96,47.206,-0.98134,0.587
-119.54,47.329,-0.071395,0.5
-120.58,41.865,-1.7197,1.366
-120.58,43.147,0.51923,1.4
-118.73,40.513,-0.35527,0.659
-120.31,40.077,-0.65169,2.39
-118.09,40.332,0.27611,0.669
-120.59,42.022,-0.061032,1.597
-119.82,40.158,-1.4098,0.84
-120.28,40.418,-0.019221,0.61
-120.79,41.109,-0.50743,0.908
-120.69,43.364,-0.19387,0.5
-119.47,40.575,-0.53523,0.555
-122.29,49.138,-1.7913,3.37
-123.96,46.205,2.2643,0.5
-123.96,46.205,2.4893,0.5
-117.22,44.292,0.78106,0.597
-119.36,40.417,-1.4538,0.865
-119.36,40.417,-0.36377,0.5
-118.98,40.626,-0.76415,0.5
-121.44,44.565,-0.92336,1.061
-121.57,44.559,-2.5144,1.322
-121.71,44.548,-1.2644,1.172
-122.1,44.568,-0.90988,1.074
-122.24,44.602,-0.72695,1.008
-121.42,44.425,-0.57136,1.149
-119.36,40.65,-2.0725,0.627
-126.13,49.681,3.2327,0.799
-121.29,46.02,-2.6325,0.926
-120.81,45.839,-0.72443,0.5
-117.6,40.462,0.72041,0.91
-120.8,45.829,-1.2334,0.535
-119.05,40.087,-0.0446,0.62
-120.61,41.35,0.26102,0.79
-117.66,48.144,-0.070117,0.56
-123.02,46.795,-0.45092,0.688
-122.13,48.195,-1.5724,0.85
-120.79,45.364,-1.2255,0.538
-123.3,42.434,0.58444,0.576
-119.48,42.016,-0.52614,1.502
-121.33,45.783,-1.3204,0.51
-121.33,45.783,-1.6084,0.569
-121.79,47.291,-2.053,0.626
-117.1,44.872,0.17485,0.608
-121.47,40.816,-0.31778,0.614
-120.73,40.783,-0.82311,1.077
-122.92,47.019,-1.0831,1.124
-123.11,44.378,0.34778,0.568
-119.94,40.08,-0.77946,1.165
-120.5,40.592,-0.064308,1.405
-117.47,41.154,1.8059,0.5
-117.61,43.866,0.8302,0.845
-119.56,42.247,-1.3896,2.2
-121.85,44.12,-0.47824,0.742
-119.15,42.118,-0.15672,1.032
-116.32,43.612,-1.6854,0.806
-116.8,47.742,1.2079,0.818
-116.92,44.009,-0.80569,0.845
-116.2,43.909,0.16842,0.864
-117.03,46.409,0.33856,0.822
-116.39,43.606,0.34345,1.288
-115.67,43.138,-2.7495,0.773
-116.7,43.706,-0.3673,0.865
-116.57,43.582,-0.60355,0.855
-116.12,45.94,0.19867,0.5
-116.75,43.205,-1.3835,1.057
-116.28,43.653,-0.70814,0.5
-116.93,47.714,0.49628,0.935
-116.84,40.866,0.6027,1.239
-117.06,41.152,1.0717,0.5
-117.44,40.278,0.19923,0.694
-122.99,45.523,0.20601,0.521
-122.44,48.562,-1.199,0.675
-124.05,48.433,2.5879,1.78
-122.22,46.275,-0.045458,0.5
-118.08,43.744,0.99132,1.122
-118.41,40.908,-0.54867,0.5
-119.07,40.323,-0.83938,0.627
-122.9,46.118,-0.52047,0.952
-119.16,46.198,-0.58834,0.58
-121.78,42.224,-1.3647,0.712
-117.91,40.063,0.52658,0.5
-119.46,49.877,1.855,1.134
-118.56,46.643,0.64854,0.699
-116.81,47.771,0.67593,0.575
-122.32,47.803,-0.18821,1.017
-122.8,47.547,-0.19775,0.5
-118.97,40.444,-0.44415,0.669
-121.31,43.752,-1.6093,0.917
-117.85,40.401,0.32442,0.668
-115.7,40.851,-0.34538,0.5
-121.51,43.665,-0.59135,0.67
-117.88,46.82,1.3391,0.82
-123.11,44.634,1.843,0.592
-116.86,40.404,-0.51593,0.5
-124.11,43.984,-1.0913,0.575
-120.44,41.228,-1.553,0.898
-120.54,47,-0.17197,0.52
-121.9,44.179,-0.40902,1.363
-121.83,47.944,-1.48,0.522
-115.74,40.86,-0.67338,0.689
-120.35,42.172,-2.3453,0.596
-120.28,46.369,-1.2275,0.584
-122.7,49.058,-2.1799,0.619
-122.76,47.219,-0.35777,0.5
-119.75,41.785,-0.68248,0.5
-118.71,41.477,-0.31856,0.5
-120.62,40.661,-1.3344,1.347
-119.77,41.074,-0.71662,0.5
-123.09,44.051,0.54241,0.5
-121.69,47.695,-1.3511,0.532
-117.16,47.282,0.54373,0.505
-119.23,40.515,-1.0228,1.117
-119.38,41.07,1.306,0.851
-124.05,46.278,1.354,0.718
-117,46.373,0.55971,0.521
-120.44,41.035,-2.8694,1.006
-118.44,40.707,-0.19847,0.551
-119.55,41.605,-0.2973,0.5
-117.78,40.209,0.23253,0.651
-117.59,40.118,0.42244,0.651
-122.96,44.974,0.49568,0.5
-121.22,42.418,-1.5193,0.592
-121.13,44.664,-1.469,0.6
-121.83,44.085,-0.47824,1.473
-124.7,49,3.9827,0.901
-121.71,45.329,-0.9216,0.89
-118.06,40.652,-0.10648,0.722
-116.1,40.148,-0.52017,0.5
-122.29,49.159,-1.1543,0.678
-124.59,48.371,2.1407,0.683
-119.27,47.131,-0.088295,0.723
-120.3,41.902,-0.087993,0.56
-115.41,40.711,-0.33058,0.5
-123.6,46.983,0.67623,0.595
-120.07,40.447,-0.35859,0.844
-117.07,40.303,0.0034402,0.706
-123.91,49.467,1.7561,0.753
-121.74,46.785,0.89418,0.794
-119.27,47.131,0.42871,1.028
-120.15,44.565,0.67226,0.762
-121.73,46.836,-0.25782,0.708
-125.57,49.551,4.6757,0.979
-123.94,49.164,1.8109,0.606
-123.9,49.107,1.9509,0.934
-124.09,49.295,2.0259,0.5
-123.72,48.824,2.1039,0.62
-124.62,48.298,4.3737,0.544
-124.06,44.585,1.6092,0.898
-119.4,42.306,-1.4196,1.265
-121.8,47.495,-0.52442,0.732
-121.25,43.739,-0.1693,0.765
-126.62,49.592,3.7877,0.5
-123.11,49.322,-0.34292,0.842
-122.98,45.3,-0.62989,0.574
-122.94,49.2,-1.4309,0.624
-117.05,48.178,2.2733,1.035
-122.44,43.738,-1.6658,0.567
-123.1,44.066,0.22541,0.56
-121.82,46.9,0.28743,0.524
-120.16,40.735,-1.19,1.101
-124.16,46.952,1.6921,0.585
-123,44.897,0.87668,0.52
-118.71,47.329,0.18638,0.749
-119.55,48.373,-0.81887,0.663
-122.91,46.961,0.032943,0.574
-119.55,49.18,-0.56696,0.643
-122.9,47.045,-1.5241,0.6
-124.07,44.515,-0.35178,0.5
-120.27,40.964,-1.7477,0.82
-120.2,45.719,-0.13309,0.689
-121.3,44.094,-0.23723,0.796
-120.18,45.227,-0.53142,0.637
-122.82,45.234,0.13066,0.681
-123.16,44.045,1.3438,0.596
-124.11,43.986,0.29668,0.612
-122.42,45.498,-0.015128,0.612
-123.15,44.29,1.2186,0.583
-123.03,45.519,0.82401,0.565
-119.32,45.805,-0.48791,0.71
-119.57,45.361,-0.51245,0.676
-121.67,42.289,-1.6797,0.743
-121.67,42.289,-2.1137,0.72
-121.81,42.143,-0.90866,0.698
-121.14,44.602,-0.28313,0.728
-122.88,42.38,1.6456,0.687
-122.6,45.154,0.19188,0.669
-123.21,45.188,0.64988,0.631
-124.06,44.675,0.88316,0.719
-122.49,43.746,-0.034799,0.727
-118.85,45.671,0.33273,0.726
-122.67,45.507,-0.55967,0.505
-123.35,43.298,0.96979,0.682
-119.06,44.164,0.29856,0.642
-119.06,44.164,0.13556,0.662
-124.05,44.625,0.22001,0.743
-122.73,44.398,0.80789,0.633
-122.96,44.973,0.83668,0.625
-123.11,44.558,1.4788,0.757
-123.85,45.486,0.58507,0.737
-120.69,45.586,-0.28004,0.692
-119.17,46.823,0.17905,0.88
-122.34,48.418,-2.978,1.088
-122.2,47.475,-2.5092,0.658
-117.33,41.429,0.51263,0.5
-119.94,41.276,-0.59123,0.5
-117.06,42.982,-0.31386,0.5
-115.31,43.3,-0.46519,0.5
-118.57,47.002,0.35499,0.5
-118.73,48.675,0.082943,0.5
-118.01,45.232,0.6436,0.5
-116.1,44.898,0.7277,0.521
-115.84,47.562,1.0864,0.504
-116.29,48.731,1.0856,0.527
-124.08,40.876,1.0597,0.641
-122.41,40.998,0.096224,0.629
-124.01,42.967,0.41913,0.67
-121.09,43.112,0.23123,0.5
-120.95,44.923,-0.84426,0.5
-123.49,47.97,1.4925,0.584
-120.93,46.844,-0.25426,0.5
-117.88,40.433,0.43829,0.5
-117.47,40.321,0.66723,0.5
-116.74,40.495,-0.20393,0.5
-116.28,40.363,0.0011016,0.5
-119.48,40.78,-0.99092,0.557
-119.01,40.242,-0.53438,0.503
-119.62,41.358,-0.40367,0.5
-120.81,40.419,0.81158,0.529
-120.08,40.289,-0.80276,0.545
-123.36,41.807,1.2861,0.598
-123.19,41.272,0.94711,0.592
-123.91,40.024,0.19688,0.77
-124.31,40.248,-1.8313,0.522
-124.11,40.422,1.3296,0.564
-124.28,40.505,0.47195,0.531
-124.13,40.551,1.29,0.531
-124.21,40.637,-0.57805,0.596
-124.24,40.691,-0.90005,0.5
-124.06,40.22,2.796,0.551
-123.69,40.119,1.0101,0.5
-123.85,40.246,1.7664,0.632
-123.86,40.435,1.3736,0.629
-123.88,40.544,1.3841,0.541
-123.88,40.669,1.9583,0.546
-123.97,40.791,2.3063,0.5
-123.86,40.88,3.4682,0.628
-123.69,42.099,0.54726,0.6
-123.63,42.275,0.67181,0.54
-124.09,41.559,-0.25248,0.675
-123.66,40.257,0.78041,0.549
-123.88,41.152,3.0354,0.505
-123.7,40.575,1.2626,0.563
-123.57,40.479,1.3344,0.78
-123.45,40.082,0.76522,0.559
-123.14,40.324,0.38419,0.54
-123.32,40.733,1.2445,0.542
-123.17,40.547,1.1163,0.574
-122.87,40.296,0.81619,0.624
-122.92,40.748,0.12835,0.608
-122.67,40.034,0.43715,0.644
-122.61,40.651,1.2408,0.631
-123.33,40.887,1.347,0.557
-122.27,40.271,0.11063,0.579
-120.95,41.183,-1.0425,0.503
-121.83,40.906,-0.29091,0.578
-122.32,40.731,1.2461,0.776
-124.23,42.209,2.9351,0.5
-124.05,42.86,0.56446,0.675
-124.41,43.09,2.6648,0.5
-124.25,43.396,1.4051,0.5
-123.98,43.614,0.62991,0.5
-124.06,44.585,0.37622,0.5
-123.38,42.504,0.57685,0.5
-123.43,43.14,-0.34074,0.512
-122.66,42.191,-0.36232,0.503
-123.06,43.363,0.48004,0.5
-117.25,45.428,0.57123,0.5
-123.33,43.623,0.78598,0.5
-123.59,44.382,0.89602,0.5
-123.43,44.689,1.5546,0.5
-123.1,44.941,0.92468,0.5
-122.89,44.052,0.38841,0.5
-122.93,44.535,0.94678,0.5
-122.58,44.497,0.18712,0.668
-121.78,42.26,-0.42866,0.5
-119.95,43.002,-0.033396,0.5
-121.77,43.177,-0.15406,0.624
-122.22,44.342,-0.28972,0.5
-122.48,44.841,0.27584,0.5
-121.95,44.435,-0.26088,0.657
-118.97,44.403,0.4738,0.5
-121.57,44.297,-1.128,0.54
-120.38,42.469,-0.29001,0.5
-120.6,43.812,0.28293,0.5
-118.93,43.034,0.45473,0.5
-118.41,42.255,0.27395,0.5
-119,43.447,-0.92058,0.5
-117.89,43.234,-0.29173,0.5
-117.8,44.835,0.43429,0.5
-123.86,45.022,1.2618,0.5
-123.82,45.31,1.2919,0.551
-123.8,46.422,1.854,0.5
-123.92,46.926,2.5531,0.5
-123.61,47.434,2.3023,0.5
-123.81,47.513,3.2953,1.028
-124.56,47.937,1.6732,0.5
-124.31,47.766,3.1621,0.5
-124.14,48.062,3.4751,0.52
-123.39,45.159,0.64701,0.5
-123.64,45.629,0.23921,0.5
-123.15,45.19,0.71388,0.5
-123.93,45.955,1.8973,0.532
-123.38,46.201,0.41325,0.5
-123.24,45.851,0.94373,0.5
-123.08,46.111,0.03953,0.5
-123.16,45.538,0.75484,0.53
-122.59,45.221,-0.042116,0.5
-120.15,48.427,-0.36064,0.538
-122.69,45.835,-0.45758,0.5
-123.73,46.656,1.05,0.5
-121.6,47.04,-0.095195,0.5
-123.3,46.575,-0.060038,0.5
-123.41,47.237,0.77467,0.5
-123.37,47.409,1.391,0.505
-122.87,46.589,-0.42113,0.5
-122.43,46.532,-0.4278,0.5
-116.98,46.798,0.73967,0.5
-122.94,47.288,0.16557,0.5
-122.87,47.823,0.74032,0.543
-122.85,46.453,-0.15813,0.5
-122.51,47.803,-0.92746,0.571
-122.34,45.43,-0.82285,0.5
-121.88,45.676,-0.9031,0.5
-123.44,47.004,0.92823,0.578
-121.99,46.572,-0.45816,0.5
-121.68,46.623,-0.35785,0.507
-119.87,44.533,0.1859,0.631
-121.08,47.74,0.062768,0.5
-123.5,48.06,0.69648,0.533
-123.13,48.045,0.85343,0.501
-122.46,48.002,-0.49444,0.5
-122.67,48.419,-0.27551,0.5
-122.91,48.708,-0.17358,0.5
-122.49,48.856,-1.071,0.5
-122.14,48.916,-0.79933,0.603
-121.62,48.26,-0.77654,0.576
-121.29,48.51,-0.2574,0.594
-121.07,48.73,-1.5965,0.707
-120.67,45.59,-0.46004,0.5
-122.89,46.116,0.43753,0.5
-119.69,45.453,0.035575,0.5
-120.01,45.911,-1.4773,0.5
-119.63,46.26,-0.67217,0.5
-119.54,45.953,-0.56448,0.5
-119.04,46.793,-0.0033197,0.5
-119.49,47.404,0.32561,0.5
-118.75,47.759,0.21381,0.5
-118.99,47.954,-0.16512,0.5
-122.21,41.294,-0.48218,0.8
-122.2,41.345,0.67882,1.13
-122.29,41.381,-0.37625,0.781
-122.19,41.479,-0.29925,0.698
-122.09,41.454,-0.017738,0.993
-122.07,41.41,-1.1337,1.311
-122.31,41.464,-0.49425,0.683
-122.15,41.532,0.11475,0.784
-121.5,40.473,-6.1384,1.033
-121.53,40.456,-6.6324,0.865
-121.51,40.465,-6.1384,0.834
-121.47,40.466,-6.8244,0.933
-121.46,40.509,-5.6444,0.899
-121.6,40.492,-6.1384,0.866
-121.58,40.54,-6.1384,0.779
-121.43,40.409,-4.3984,1.134
-121.51,41.712,-0.85145,0.5
-121.61,41.586,-2.3146,0.745
-121.49,41.616,-2.3146,0.586
-122.35,46.11,-0.4893,0.677
-122.16,46.03,-0.2143,0.557
-122.36,46.19,-0.48346,0.5
-122.19,46.18,-1.1785,0.708
-122.23,46.231,0.76454,0.5
-122.18,46.224,0.48754,0.569
-122.2,46.21,-1.8045,0.763
-122.18,46.3,0.76454,0.507
-122.16,46.199,-0.44046,0.577
-122.15,46.197,-0.53846,0.507
-122.18,46.188,-0.46196,0.755
-122.16,46.173,-0.26446,0.534
-122.2,46.19,-0.46196,1.501
-122.22,46.178,0.23454,0.54
-122.13,46.195,0.85054,0.571
-122.35,46.3,-0.64746,0.5
-122.2,46.145,-0.15846,0.769
-122.31,46.173,-0.070458,0.501
-120.83,41.359,-1.0825,0.522
-120.47,41.333,-0.46398,0.5
-123.89,43.392,0.23391,0.5
-124.41,42.442,3.1065,0.5
-124.29,42.077,3.5541,0.519
-123.23,42.692,0.36399,0.54
-121.88,42.58,-0.000758,0.557
-122.61,42.727,-1.4998,0.691
-119.66,42.546,-0.23565,0.5
-117.73,42.02,-0.011915,0.5
-122.42,41.831,0.4312,0.573
-123.98,41.845,1.9765,0.679
-121.67,45.345,-0.4876,0.819
-122.14,46.245,0.49754,0.743
-123.57,40.479,2.0024,0.823
-118.75,47.759,-0.22019,0.625
-118.75,47.759,-0.24019,0.592
-124.56,47.937,1.6402,0.56
-124.56,47.937,1.7492,0.556
-124.05,42.862,1.2035,0.724
-123.43,43.145,-0.22324,0.801
-124.2,47.213,0.79752,0.5
-117.11,40.073,-0.38153,0.696
-117.7,41.324,-0.41285,0.5
-122.57,47.172,-0.9192,0.5
-123.33,44.919,-0.28761,0.582
-118.76,45.666,-1.1383,0.766
-122.61,45.597,-0.94013,0.522
-120.38,40.034,-0.72342,2.256
-122.21,47.982,-0.92478,1.446
-122.28,47.899,-0.79121,0.5
-123.45,48.649,0.46342,0.5
-120,40.872,-1.0429,1.139
-121.56,45.518,-0.38721,0.721
-121.68,46.6,-1.4709,0.699
-117.19,46.734,0.063194,0.5
-119.97,44.132,0.16355,0.559
-121.69,43.991,0.62076,0.612
-123.42,48.101,0.40148,1.031
-121.64,46.859,-0.10882,2.012
-119.59,49.501,0.37704,0.669
-120.84,44.312,-1.3982,0.5
-118.47,40.379,-0.44006,0.731
-117.63,46.48,2.0706,0.678
-120.74,41.599,-1.5123,0.5
-122.04,44.097,-2.2989,1.228
-122.61,47.391,-0.080747,0.5
-119.79,46.216,-0.59417,0.588
-122.32,47.451,-1.3692,0.773
-122.49,42.755,-0.83781,0.568
-123.49,48.117,0.13348,0.692
-124.86,49.256,3.6347,0.5
-124.41,48.544,1.8597,0.584
-124.26,41.783,3.4345,0.5
-119.61,45.939,0.62152,0.703
-122.01,47.5,0.53327,0.99
-120.97,47.775,0.80377,0.946
-124.44,49.346,3.6327,0.68
-120.38,40.743,-0.47444,0.851
-123.36,42.954,0.45995,0.965
-122.37,40.625,2.4921,1.009
-120.76,47.273,0.60908,1.193
-121.15,44.26,-0.70498,0.5
-124.11,43.701,-1.3018,0.5
-119.28,46.277,0.32466,0.703
-119.41,48.964,-0.78796,0.699
-121.15,44.26,-1.251,0.5
-120.79,46.749,-0.28865,0.666
-118.71,40.804,-0.93334,0.688
-122.37,47.388,-1.4982,0.509
-122.38,47.387,-1.4432,0.535
-118.73,48.649,0.47694,0.652
-123.36,43.235,0.014792,0.795
-115.12,40.617,-0.097918,0.5
-116.26,48.218,0.22352,0.804
-118.42,40.554,-0.38006,0.961
-123.73,46.684,0.47298,0.5
-123.42,48.567,0.96542,1.061
-120.71,40.912,0.62457,1.565
-122.03,47.54,-0.74573,0.727
-123.54,46.966,0.70423,2.532
-120.72,46.951,-0.63962,0.5
-123.01,48.546,-0.28658,0.5
-123.7,48.923,0.88142,0.5
-118.36,41.13,-0.84259,0.5
-122.34,48.418,-1.658,0.734
-122.26,47.687,-1.6002,0.64
-123.92,45.984,1.5063,0.5
-122.31,47.654,-0.91521,0.5
-122.24,48.504,-1.779,0.915
-122.22,48.522,-1.379,0.5
-122.19,46.2,-0.46196,1.836
-123.11,48.091,-0.047242,0.623
-118.85,40.307,-0.52519,0.578
-117.63,40.676,1.8515,0.704
-120.23,40.592,-0.27922,0.5
-119.02,41.868,-0.12139,0.5
-126.26,49.348,2.9127,0.819
-121.53,45.464,-0.66021,0.836
-120.03,40.278,-1.6078,1.147
-122.34,48.433,-2.228,0.749
-121.88,45.694,-0.9391,1.119
-118.71,41.032,-0.78906,0.5
-117.93,41.16,1.0435,0.5
-122.35,47.524,-1.3642,0.5
-119.65,40.621,-0.90706,0.551
-120.25,43.003,0.032087,0.5
-121.39,47.391,-0.25206,0.632
-121.64,46.915,-0.50957,1.461
-117.73,40.853,0.32152,0.889
-117.5,47.628,1.1504,0.521
-117.42,47.518,0.31274,0.567
-117.42,47.518,0.17874,0.545
-119.78,44.827,-0.12494,0.566
-117.98,47.31,0.6923,0.5
-121.65,44.192,-0.78853,0.999
-123.1,48.082,-1.0232,0.968
-123.14,49.725,0.82308,0.832
-119.56,40.844,-0.40392,1.241
-122.32,47.682,-1.4452,0.542
-120.47,40.379,0.46769,1.402
-122.82,44.831,0.79014,0.5
-122.73,44.396,-0.063112,0.608
-119.21,40.231,-0.37245,0.692
-123.33,42.987,-0.19205,0.964
-120.07,41.662,-0.52696,0.642
-122.69,49.074,-0.98092,5.789
-122.7,49.175,-1.4309,0.652
-120.56,40.449,0.42269,1.15
-121.25,43.643,0.022697,0.633
-121.36,43.673,0.2997,0.596
-121.78,44.024,0.62076,2.047
-122.47,47.229,-0.9662,0.525
-117.18,46.715,-0.18881,1.088
-121.13,45.608,-1.4976,0.626
-120.5,40.863,-0.75444,1.578
-125.91,49.154,2.8287,0.59
-122.19,46.219,-0.46196,0.704
-122.17,46.275,0.24154,0.614
-121.62,44.09,-0.20769,1.712
-122.29,47.106,-0.47439,0.5
-123.83,45.455,0.41207,0.5
-118.63,40.647,-0.63934,0.598
-118.71,40.079,-1.8791,2.283
-121.14,43.602,-0.19912,0.718
-123.77,46.207,1.4323,0.5
-117.71,49.098,-0.47878,0.757
-118.64,40.29,-0.60119,0.605
-124.15,41.054,-0.069322,0.512
-122.19,46.2,-0.46196,2.992
-122.22,46.237,-0.46196,0.624
-120.02,41.018,-0.23484,0.5
-122.91,46.984,0.52894,0.668
-118.26,40.403,0.13611,0.5
-120.08,40.103,-0.65046,1.505
-122.92,47.016,0.62294,0.5
-122.16,46.213,0.48154,0.645
-122.21,46.198,-1.6095,0.889
-120.12,48.366,-0.1342,0.793
-125.54,48.926,2.4967,0.5
-122.67,47.755,-0.32346,0.515
-118.94,45.133,0.20552,0.547
-122.52,45.618,-0.022128,0.562
-117.29,40.711,1.2078,0.855
-119.73,46.637,-0.10837,0.682
-119.78,48.1,-0.58769,0.686
-119.29,47.612,1.0637,0.674
-122.97,46.675,-0.024917,0.549
-117.33,46.954,0.72889,0.694
-117.59,47.564,1.3087,0.675
-120.55,46.984,-0.66397,0.656
-121.99,47.203,-0.32934,0.651
-122.21,47.981,-0.83115,0.572
-122.56,48.828,-1.901,0.658
-123.02,48.533,-0.071579,0.728
-123.03,48.531,-2.1326,1.271
-119.51,41.292,-0.46267,0.5
-122.19,47.709,-1.1622,0.767
-122.89,46.113,-0.41147,0.728
-118.26,46.092,1.2838,0.711
-119.72,41.248,-0.58175,1.005
-121.27,45.224,-0.5796,0.651
-122.27,46.555,-0.35048,0.617
-123.6,46.978,0.89823,0.633
-122.33,48.384,-0.89698,0.622
-119.93,46.762,-0.37888,0.805
-122.84,47.046,0.36623,0.643
-119.17,46.81,0.34605,0.618
-122.84,47.048,0.66623,1.328
-119.08,46.249,0.58834,0.711
-122.57,47.803,-0.33146,0.5
-122.32,47.451,-0.61018,0.539
-119.84,47.235,-0.40852,0.649
-122.14,47.681,-1.4632,0.672
-118.38,47.121,0.43699,0.681
-117.42,47.666,0.68643,0.5
-120.02,46.304,-0.15312,0.682
-121.83,47.527,-1.8624,0.525
-117.07,47.228,1.2161,0.763
-120.28,47.404,-0.43733,0.604
-118.28,46.082,0.78378,0.644
-120.55,46.617,-0.14932,0.725
-122.87,45.171,0.13066,0.508
-122.54,40.58,1.3508,2.137
-122.56,45.78,1.0409,0.761
-121.98,44.163,-0.58902,1.436
-122.7,48.313,-1.1735,0.5
-122.7,48.312,-1.5565,0.5
-121.82,44.06,-0.47824,1.926
-121.82,44.06,-0.47824,1.095
-117.88,40.558,0.81129,0.534
-118.47,40.025,-0.4923,0.783
-121.6,45.131,-0.59789,0.616
-120.17,48.463,-0.25064,1.314
-120.4,41.557,-0.9441,0.535
-123.25,49.352,0.13308,3.542
-120.37,47.445,-0.78233,0.801
-120.51,46.605,-1.0013,0.52
-122.71,41.732,-0.072851,0.584
-122.61,46.949,-0.34319,0.5
-123.3,43.634,-0.28146,0.517
-122.19,47.287,-1.1102,0.5
-123.71,47.817,2.5416,0.7105
-122.18,47.599,1.0176,0.68922
-122.48,48.215,-0.98175,0.5
-122.48,48.753,-1.8457,0.75225
-121.96,47.008,-1.6733,0.5
-123.02,48.535,-0.96395,0.5
-124.04,46.306,2.6649,1.9614
-121.64,46.859,-0.10882,1.8752
-121.79,46.851,-0.27682,6.8208
-122.2,47.977,-1.9172,1.7202
-123.95,49.184,1.9884,5.4818
-122.58,45.566,-0.30913,1.6305
-121.82,44.06,-0.47824,0.5
-122.33,47.604,-0.71048,0.5
-122.4,47.666,-0.88577,0.5
-122.4,47.666,-0.80577,0.5
-122.9,47.043,-0.53636,0.5
-122.75,48.112,-0.94952,0.5
-122.22,47.979,-1.0274,0.5
-122.22,47.979,-0.84745,0.5
-124.6,48.367,3.2924,0.5
-122.99,47.044,-0.39636,0.5
-122.99,47.046,-0.29636,0.5
-122.99,47.046,-0.19636,0.5
-122.95,47.037,-0.39636,0.5
-122.95,47.036,-0.29636,0.5
-122.95,47.035,-0.19636,0.5
-122.22,47.979,-0.92745,0.5
-122.18,48.051,-0.58745,0.5
-123,47.054,-0.49636,0.5
-122.43,47.246,-0.56551,0.5
-122.43,47.249,-0.56551,0.5
-122.18,48.051,-0.61745,0.5
-122.46,47.275,-0.055507,0.5
-123.43,48.12,0.83817,0.5
-123.43,48.119,0.88817,0.5
-123.43,48.116,0.96817,0.5
-122.17,48.1,-1.3227,0.5
-123.02,47.064,-0.19636,0.5
-122.86,46.815,-0.12225,0.5
-122.18,48.051,-0.78745,0.5
-123.45,48.119,0.50817,0.5
-123.41,48.109,0.92817,0.5
-123.48,48.114,1.0682,0.5
-124.53,48.348,3.7224,0.5
-123.32,48.107,0.58512,0.5
-122.95,46.718,-0.59222,0.5
-122.95,46.703,-0.50222,0.5
-123.05,47.086,-0.19636,0.5
-122.17,48.1,-1.1527,0.5
-122.17,48.1,-0.99268,0.5
-123.27,48.107,0.43512,0.5
-123.1,47.121,-0.19636,0.5
-123.63,48.118,1.4576,0.5
-123.1,47.121,-0.69636,0.5
-123.17,48.093,0.17512,0.5
-123.68,48.123,1.5076,0.5
-124.61,48.367,3.3924,0.5
-123.1,47.125,-0.088737,0.5
-123.05,48.08,-0.56755,0.5
-123.73,48.136,1.4976,0.5
-123.74,48.136,1.5676,0.5
-122.91,46.282,-0.80191,0.5
-123.1,47.135,-0.19874,0.5
-123.1,48.08,0.052454,0.5
-123.1,48.078,0.10245,0.5
-123.73,48.161,1.6576,0.5
-123.8,48.14,1.8576,0.5
-123.03,48.046,0.20245,0.5
-123.84,48.151,1.9076,0.5
-124.38,48.283,2.9824,0.5
-122.91,46.143,-0.16191,0.5
-123.12,47.192,0.11126,0.5
-123,48.023,0.34245,0.5
-122.86,46.034,-0.25163,0.5
-122.9,48.054,-0.27755,0.5
-122.97,48.05,0.13245,0.5
-122.92,48.053,0.32245,0.5
-123.93,48.158,2.0736,0.5
-123.13,47.209,-0.71712,0.5
-124.3,48.264,2.9035,0.5
-124.61,48.366,3.0324,0.5
-123.13,47.215,-0.71712,0.5
-123.76,46.203,1.914,0.5
-123.76,46.204,1.954,0.5
-123.76,46.207,2.054,0.5
-123.79,46.195,2.334,0.5
-124.26,48.255,2.2535,0.5
-124.38,48.283,2.7924,0.5
-124.53,48.348,3.4724,0.5
-123.13,47.215,-0.51712,0.5
-123.83,46.189,1.424,0.5
-123.75,46.167,1.444,0.5
-123.73,46.17,1.494,0.5
-123.82,46.19,1.524,0.5
-123.83,46.19,1.524,0.5
-123.75,46.172,2.254,0.5
-123.83,46.189,2.284,0.5
-123.81,46.191,2.284,0.5
-123.83,46.188,2.444,0.5
-123.84,46.171,2.614,0.5
-123.86,46.187,2.734,0.5
-124.3,48.259,2.7435,0.5
-123.13,47.216,-0.11712,0.5
-123.85,46.19,1.594,0.5
-123.83,46.189,1.934,0.5
-123.69,46.169,2.024,0.5
-123.84,46.166,2.164,0.5
-123.83,46.19,2.164,0.5
-123.66,46.163,2.184,0.5
-123.68,46.173,2.254,0.5
-123.68,46.171,2.394,0.5
-123.84,46.173,2.414,0.5
-123.84,46.172,2.624,0.5
-124.26,48.249,2.0835,0.5
-123.86,46.153,2.964,0.5
-123.67,46.166,1.424,0.5
-123.59,46.186,1.8479,0.5
-123.84,46.173,2.154,0.5
-123.84,46.172,2.594,0.5
-123.84,46.17,2.684,0.5
-123.86,46.152,2.954,0.5
-123.87,46.143,2.964,0.5
-124.23,48.193,2.4135,0.5
-124.22,48.19,2.4435,0.5
-123.92,46.098,3.214,0.5
-123.92,46.11,3.244,0.5
-123.97,46.208,3.304,0.5
-123.96,46.207,3.364,0.5
-123.96,46.201,3.884,0.5
-123.14,47.241,-0.11712,0.5
-123.84,48.147,1.6876,0.5
-123.94,48.158,1.8736,0.5
-123.96,46.203,2.954,0.5
-123.92,46.108,3.244,0.5
-123.91,46.061,3.294,0.5
-123.96,46.205,3.364,0.5
-123.93,46.149,3.434,0.5
-123.28,46.113,0.40207,0.5
-123.37,46.133,0.70495,0.5
-123.41,46.157,1.0579,0.5
-123.8,48.14,1.6376,0.5
-123.91,46.061,2.984,0.5
-123.89,46.144,3.154,0.5
-123.91,46.087,3.284,0.5
-123.95,46.207,3.494,0.5
-123.95,46.206,3.584,0.5
-123.95,46.206,3.614,0.5
-123.38,46.133,0.56495,0.5
-123.3,46.111,0.62207,0.5
-123.35,46.121,0.64207,0.5
-123.75,48.137,1.3376,0.5
-123.92,46.001,2.924,0.5
-123.94,46.199,3.174,0.5
-123.92,46.028,3.234,0.5
-123.2,46.104,0.86207,0.5
-123.73,48.136,1.2576,0.5
-123.41,46.161,0.15795,0.5
-123.41,46.161,0.15795,0.5
-123.07,46.099,0.81823,0.5
-123.73,48.135,1.3976,0.5
-123.93,46.191,3.244,0.5
-123.05,46.099,0.65823,0.5
-123.05,46.096,0.68823,0.5
-123.9,46.148,3.154,0.5
-122.94,46.126,0.23809,0.5
-122.93,46.136,0.33809,0.5
-122.94,46.089,0.35823,0.5
-122.94,46.127,0.34809,0.5
-123.24,46.121,1.4521,0.5
-123.9,46.154,2.524,0.5
-123.17,47.317,1.1829,0.5
-123.16,47.333,0.08288,0.5
-123.91,46.154,3.614,0.5
-123.16,47.369,0.38288,0.5
-123.97,46.707,0.67752,0.5
-123.44,48.125,0.80817,0.5
-123.68,48.122,1.2676,0.5
-123.15,47.376,0.16671,0.52
-124,46.715,1.8075,0.52
-123.14,47.401,-0.13329,0.53
-123.14,47.403,-0.033288,0.54
-122.32,47.665,-0.85863,0.54332
-122.32,47.665,-0.76323,0.54332
-123.12,47.431,-0.0077515,0.55
-123.48,48.105,0.77817,0.55
-123.44,48.125,0.80817,0.55
-123.63,48.118,1.2176,0.56
-124.02,46.723,1.6175,0.56
-123.12,47.44,0.092248,0.57
-123.43,48.119,0.80817,0.57
-123.11,47.449,0.092248,0.58
-123.59,46.186,0.81795,0.58
-123.43,48.118,0.67817,0.58
-123.43,48.119,0.77817,0.58
-124.03,46.726,2.2875,0.58
-123.1,47.464,-0.0077515,0.6
-123.43,48.116,0.90817,0.6
-124.06,46.73,2.1375,0.6
-123.41,48.109,0.77817,0.62
-123.41,48.11,0.90817,0.62
-124.08,46.744,1.9575,0.62
-123.32,48.107,0.51512,0.63
-123.27,48.107,0.40512,0.64
-124.08,46.787,2.2075,0.64
-122.76,48.112,-1.1395,0.65
-123.86,46.188,2.364,0.65
-124.09,46.796,2.3075,0.66
-123.32,48.097,0.37512,0.67
-123.04,47.548,0.39225,0.68
-123.27,48.093,0.28512,0.68
-123.27,48.093,0.11512,0.69
-123.03,47.558,0.49225,0.69
-123.18,48.081,-0.48488,0.7
-123.17,48.079,0.11512,0.7
-124.1,46.817,2.5475,0.7
-123.43,46.175,0.077945,0.71
-122.97,47.618,0.18225,0.71
-123.17,48.079,0.11512,0.71
-122.94,47.638,0.12802,0.72
-124.1,46.836,1.8875,0.72
-123.84,46.172,2.764,0.73
-123.04,48.051,0.13245,0.74
-124.11,46.846,1.8275,0.74
-123.38,46.133,0.40495,0.75
-123.04,48.047,0.13245,0.75
-124.29,48.072,2.1888,0.75
-122.9,47.69,0.12802,0.76
-123.02,48.023,0.33245,0.76
-124.11,46.855,2.3375,0.76
-122.89,47.714,0.22802,0.77
-122.87,48.002,0.070483,0.77
-124.11,46.858,2.1675,0.78
-122.89,47.946,0.13245,0.8
-124.07,46.861,1.6575,0.8
-122.9,47.765,0.62802,0.81
-122.91,47.772,0.62802,0.82
-124.11,46.866,2.4275,0.82
-124.05,46.871,2.0075,0.84
-122.44,47.259,-0.67847,0.84893
-122.44,47.258,-0.80127,0.84929
-122.47,47.276,-0.67847,0.85482
-124.05,46.884,2.0338,0.86
-122.44,47.232,-0.88897,0.86252
-122.44,47.233,-1.1171,0.86589
-124.11,46.884,2.2338,0.88
-123.9,46.154,3.644,0.89
-122.44,47.257,-0.74857,0.89335
-122.44,47.258,-0.92407,0.89378
-122.41,47.239,-0.88897,0.89472
-124.1,46.895,2.4538,0.9
-122.47,47.276,-0.60827,0.90234
-122.47,47.276,-0.52057,0.90284
-122.47,47.179,-0.46787,0.91147
-122.53,47.28,-0.38017,0.91674
-124.1,46.898,2.3238,0.92
-122.51,47.298,-0.46787,0.92085
-122.51,47.298,-0.48537,0.92214
-123.92,46.149,3.674,0.93
-123.96,46.918,1.5238,0.94
-122.38,47.241,-0.39777,0.95268
-123.92,46.929,1.9138,0.96
-122.41,47.24,-1.0293,0.9614
-122.41,47.239,-0.92407,0.96165
-123.88,46.939,1.6938,0.98
-122.93,46.09,0.18823,0.99
-123.93,46.125,3.054,0.99
-123.6,46.975,1.2001,0.99597
-122.41,47.27,-1.3355,1
-123.82,46.978,1.8188,1
-123.88,46.939,1.8738,1
-122.51,47.298,-0.34507,1.0011
-123.6,46.975,1.1643,1.012
-123.6,46.976,0.93217,1.0134
-124.38,47.948,1.4869,1.02
-123.87,46.942,1.2188,1.02
-123.62,46.976,1.3786,1.0252
-122.6,47.175,-0.16967,1.0349
-123.81,46.952,0.71884,1.04
-122.51,47.144,-0.13457,1.0422
-122.38,47.241,-0.39777,1.0448
-122.6,47.172,-0.19597,1.047
-122.38,47.241,-0.53807,1.0486
-123.85,46.972,2.0188,1.06
-122.31,47.273,-0.012348,1.0669
-123.62,46.976,1.3072,1.07
-123.81,46.973,1.4488,1.08
-124.36,47.895,1.4688,1.08
-123.81,46.973,1.4888,1.1
-124.26,47.81,3.3981,1.11
-122.33,47.248,-0.51615,1.1177
-122.33,47.246,-0.52975,1.1209
-122.63,47.138,-0.14353,1.1283
-123.89,46.988,1.9738,1.14
-123.64,46.977,0.98518,1.143
-123.91,46.047,3.534,1.15
-123.69,46.974,0.87808,1.1508
-123.52,46.993,0.89637,1.1536
-123.91,47.014,1.8938,1.16
-121.59,47.221,-0.19092,1.1653
-121.51,47.206,-0.19872,1.1754
-121.61,47.226,-0.24622,1.1766
-123.92,47.031,1.8138,1.18
-123.91,46.024,3.384,1.19
-123.92,47.05,1.7538,1.2
-124.32,47.752,2.4708,1.2
-122.19,47.977,-0.79296,1.2137
-122.19,47.977,-0.69766,1.2137
-121.48,47.21,-0.23382,1.2164
-123.91,46.011,3.554,1.22
-123.92,47.075,2.1038,1.23
-124.35,47.738,1.9908,1.23
-124.39,47.727,0.19077,1.26
-123.67,46.975,1.5031,1.2635
-123.88,47.155,2.0532,1.29
-123.95,47.198,2.2332,1.31
-123.69,46.974,0.98518,1.3108
-122.18,48.049,-0.52096,1.3533
-122.18,48.05,-0.54136,1.3556
-123.97,47.233,2.2932,1.36
-123.41,47.001,0.62857,1.3791
-124.39,47.652,0.48811,1.41
-123.91,47.289,2.4432,1.42
-123.91,47.311,2.4632,1.43
-122.18,48.098,-1.0869,1.4468
-122.19,48.099,-0.93029,1.4497
-121.81,47.29,-0.38839,1.4668
-123.9,47.374,1.6232,1.47
-121.83,47.295,-0.39519,1.4969
-123.88,47.434,2.6583,1.52
-123.89,47.459,2.7383,1.55
-123.92,47.469,2.6983,1.57
-124.03,47.472,2.6383,1.58
-124.33,47.543,1.8827,1.59
-123.99,47.479,2.6983,1.59
-124.11,47.492,2.2683,1.6
-124.14,47.503,2.0915,1.61
-124.18,47.518,0.4715,1.62
-121.19,47.245,-0.029446,1.7084
-122.9,47.025,0.60088,1.7092
-122.9,47.024,1.0132,1.7121
-121.19,47.241,0.15805,1.7148
-121.18,47.234,-0.022646,1.7321
-121.15,47.222,-0.036746,1.764
-121.13,47.217,-0.37035,1.795
-121.81,47.29,-0.42309,1.7981
-123.81,46.977,2.3245,1.8105
-121.11,47.214,-0.24907,1.8293
-121.11,47.214,-0.12417,1.8349
-121.83,47.294,-0.34659,1.8387
-121.09,47.208,-0.40207,1.8642
-121.84,47.298,-0.24929,1.8653
-121.08,47.205,-0.17997,1.8826
-121.08,47.202,-0.30507,1.8936
-121.85,47.305,-0.46439,1.9108
-121.06,47.195,-0.29137,1.929
-121.04,47.186,0.11123,1.9473
-122.85,47.041,-0.52819,1.9511
-121.03,47.181,-0.29167,1.9657
-121.91,47.329,-0.61191,2.0757
-122.25,47.859,-0.56287,2.0945
-121.93,47.322,-1.3617,2.1068
-121.94,47.325,-0.68791,2.1386
-122.23,47.884,-0.96637,2.1574
-122.23,47.885,-0.70317,2.1585
-121.96,47.357,-0.55581,2.2484
-122,47.363,-0.37491,2.3557
-122.35,48.617,-1.1295,2.4477
-122.35,48.617,-0.5983,2.4477
-122.05,47.358,-0.24961,2.4572
-122.05,47.358,-0.60341,2.4708
-123,46.815,0.014166,2.4872
-122.08,47.358,-0.57531,2.541
-122.37,48.664,-0.84433,2.5442
-122.37,48.666,-1.3483,2.5475
-122.38,48.667,-0.74223,2.5509
-122.37,48.667,-1.3483,2.5509
-122.39,48.674,-0.13623,2.5648
-122.39,48.675,-0.34733,2.5683
-122.98,46.716,-0.53693,2.6113
-122.46,48.697,-1.3484,2.6256
-122.46,48.697,-0.60623,2.6261
-122.97,46.7,-0.43473,2.6316
-122.12,47.358,-0.62351,2.6437
-122.15,47.358,-0.83119,2.7235
-122.25,47.859,-0.59787,2.7615
-122.25,47.859,-0.79087,2.7652
-122.18,47.363,-0.16439,2.7938
-122.19,47.368,-0.86549,2.8378
-122.23,47.882,-1.2821,2.8433
-122.23,47.884,-0.89617,2.8523
-122.23,47.884,-0.77337,2.853
-122.23,47.887,-1.2295,2.8682
-122.21,47.375,-0.81564,2.9031
-122.6,48.891,-0.90101,3.0527
-122.6,48.891,-1.8407,3.0528
-122.65,48.928,-0.76424,3.146
-122.65,48.928,-1.6154,3.1463
-122.9,46.282,-0.73702,3.292
-122.9,46.142,-0.089422,3.5472
-122.86,46.033,-0.17624,3.7241
-123.86,45.709,1.7489,0.5
-123.89,45.687,1.7589,0.5
-123.84,45.749,1.5389,0.5
-123.85,45.729,1.7689,0.5
-123.83,45.761,1.8289,0.5
-123.83,45.773,1.8789,0.5
-123.89,45.711,1.8889,0.5
-123.82,45.781,1.8889,0.5
-123.92,45.999,2.974,0.5
-123.93,45.993,3.024,0.5
-123.93,45.995,3.134,0.5
-123.77,45.839,1.6089,0.5
-123.78,45.827,1.6889,0.5
-123.81,45.795,1.8489,0.5
-123.91,45.935,3.154,0.5
-123.92,45.953,3.184,0.5
-123.92,45.999,3.304,0.5
-123.77,45.813,1.4689,0.5
-123.76,45.852,1.5989,0.5
-123.76,45.884,1.844,0.5
-123.76,45.902,1.844,0.5
-123.76,45.876,1.984,0.5
-123.79,45.907,2.214,0.5
-123.88,45.911,2.604,0.5
-123.8,45.908,2.744,0.5
-123.92,45.947,3.194,0.5
-123.92,45.968,3.194,0.5
-123.92,45.689,2.0089,0.84
-123.83,45.761,1.4589,1.16
-123.92,45.992,3.244,1.25
-123.92,45.987,3.124,1.26
-123.88,45.911,2.624,1.36
-123.89,45.916,3.024,1.36
-123.87,45.904,2.174,1.37
-123.76,45.892,1.764,1.38
-123.8,45.908,2.344,1.38
-123.83,45.908,2.504,1.38
-120.94,47.193,0.068432,2.1587
-123.45,48.65,0.31373,0.6101
-122.34,47.602,-0.55011,0.5
-122.76,48.112,-0.53389,0.59319
-123.97,46.707,1.4083,1.2885
-122.76,48.863,0.17254,0.5
-123.37,48.417,-0.086924,0.595
-123.44,48.125,1.1522,0.65553
-124.64,47.913,1.6567,0.70501
-123.77,46.207,2.1022,0.5
-123.01,48.547,-0.19761,0.83644
-124.61,48.367,3.4047,0.74861
-123.45,48.767,0.32641,1.7856
-124.42,48.55,2.1407,1.0613
-123.95,46.203,3.0513,1.35
-124.05,44.625,-0.49955,0.5
-122.9,49.183,-1.2169,3.1943
-123.18,49.117,-0.80931,0.99178
-124.32,43.345,0.98986,0.58591
-124.5,42.738,1.1925,0.7365
-123.12,49.283,-0.72381,0.79204
-123.25,49.333,-0.70145,0.5
-123.92,45.555,0.75992,0.5
-124.82,49.233,2.4793,0.5
-123.97,46.208,2.8291,0.5
-123.76,46.207,1.5791,0.5
-123.96,46.207,2.8891,0.5
-123.95,46.207,3.0191,0.5
-123.95,46.206,3.1391,0.5
-123.95,46.206,3.1091,0.5
-123.96,46.205,2.8891,0.5
-123.76,46.204,1.4791,0.5
-123.76,46.203,1.4391,0.5
-123.96,46.203,2.4791,0.5
-123.96,46.201,3.4091,0.5
-123.94,46.199,2.6991,0.5
-123.79,46.195,1.8591,0.5
-123.93,46.191,2.7691,0.5
-123.81,46.191,1.8091,0.5
-123.83,46.19,1.0491,0.5
-123.82,46.19,1.0491,0.5
-123.85,46.19,1.1191,0.5
-123.83,46.19,1.6891,0.5
-123.83,46.189,1.4591,0.5
-123.83,46.189,0.9491,0.5
-123.83,46.189,1.8091,0.5
-123.83,46.188,1.9691,0.5
-123.86,46.188,1.8891,0.65
-123.86,46.187,2.2591,0.5
-123.59,46.186,1.3731,0.5
-123.59,46.186,0.34309,0.58
-123.43,46.175,-0.39691,0.71
-123.84,46.173,1.6791,0.5
-123.68,46.173,1.7791,0.5
-123.84,46.173,1.9391,0.5
-123.84,46.172,2.1491,0.5
-123.84,46.172,2.1191,0.5
-123.75,46.172,1.7791,0.5
-123.84,46.172,2.2891,0.73
-123.84,46.171,2.1391,0.5
-123.68,46.171,1.9191,0.5
-123.73,46.17,1.0191,0.5
-123.84,46.17,2.2091,0.5
-123.69,46.169,1.5491,0.5
-123.75,46.167,0.9691,0.5
-123.84,46.166,1.6891,0.5
-123.67,46.166,0.9491,0.5
-123.66,46.163,1.7091,0.5
-123.41,46.161,-0.31691,0.5
-123.41,46.161,-0.31691,0.5
-123.41,46.157,0.58309,0.5
-123.9,46.154,2.0491,0.5
-123.9,46.154,3.1691,0.89
-123.91,46.154,3.1391,0.5
-123.86,46.153,2.4891,0.5
-123.86,46.152,2.4791,0.5
-123.92,46.149,3.1991,0.93
-123.93,46.149,2.9591,0.5
-123.9,46.148,2.6791,0.5
-123.89,46.144,2.6791,0.5
-123.87,46.143,2.4891,0.5
-122.93,46.136,-0.13676,0.5
-123.37,46.133,0.2301,0.5
-123.38,46.133,-0.069901,0.75
-123.38,46.133,0.090099,0.5
-122.94,46.127,-0.12676,0.5
-122.94,46.126,-0.23676,0.5
-123.93,46.125,2.5791,0.99
-123.35,46.121,0.16721,0.5
-123.24,46.121,0.97721,0.5
-123.28,46.113,-0.072786,0.5
-123.3,46.111,0.14721,0.5
-123.92,46.11,2.7691,0.5
-123.92,46.108,2.7691,0.5
-123.2,46.104,0.38721,0.5
-123.05,46.099,0.18337,0.5
-123.07,46.099,0.34337,0.5
-123.92,46.098,2.7391,0.5
-123.05,46.096,0.21337,0.5
-122.93,46.09,-0.28663,0.99
-122.94,46.089,-0.11663,0.5
-123.91,46.087,2.8091,0.5
-123.91,46.061,2.5091,0.5
-123.91,46.061,2.8191,0.5
-123.91,46.047,3.0591,1.15
-123.92,46.028,2.7591,0.5
-123.91,46.024,2.9091,1.19
-123.91,46.011,3.0791,1.22
-123.92,46.001,2.4491,0.5
-123.92,45.999,2.4991,0.5
-123.92,45.999,2.8291,0.5
-123.93,45.995,2.6591,0.5
-123.93,45.993,2.5491,0.5
-123.92,45.992,2.7691,1.25
-123.92,45.987,2.6491,1.26
-123.92,45.968,2.7191,0.5
-123.92,45.953,2.7091,0.5
-123.92,45.947,2.7191,0.5
-123.91,45.935,2.6791,0.5
-123.89,45.916,2.5491,1.36
-123.88,45.911,2.1291,0.5
-123.88,45.911,2.1491,1.36
-123.83,45.908,2.0291,1.38
-123.8,45.908,1.8691,1.38
-123.8,45.908,2.2691,0.5
-123.79,45.907,1.7391,0.5
-123.87,45.904,1.6991,1.37
-123.76,45.902,1.3691,0.5
-123.76,45.892,1.2891,1.38
-123.76,45.884,1.3691,0.5
-123.76,45.876,1.5091,0.5
-123.76,45.852,1.1241,0.5
-123.77,45.839,1.1341,0.5
-123.78,45.827,1.2141,0.5
-123.77,45.813,0.99406,0.5
-123.81,45.795,1.3741,0.5
-123.82,45.781,1.4141,0.5
-123.83,45.773,1.4041,0.5
-123.83,45.761,0.98406,1.16
-123.83,45.761,1.3541,0.5
-123.84,45.749,1.0641,0.5
-123.85,45.729,1.2941,0.5
-123.89,45.711,1.4141,0.5
-123.86,45.709,1.2741,0.5
-123.92,45.689,1.5341,0.84
-123.89,45.687,1.2841,0.5
-123.93,45.665,1.4741,0.5
-123.93,45.665,1.4741,0.5
-123.93,45.654,1.1441,0.5
-123.94,45.644,0.95406,0.72
-123.94,45.634,1.3741,0.5
-123.94,45.632,1.3541,0.68
-123.94,45.614,0.53992,0.5
-123.95,45.589,0.92992,0.5
-123.95,45.571,1.0499,0.5
-123.95,45.571,1.0699,0.5
-123.94,45.569,1.0999,0.5
-123.94,45.568,1.0399,0.5
-123.91,45.561,0.87992,0.5
-123.93,45.561,1.0499,0.5
-123.89,45.56,0.22992,0.5
-123.89,45.525,0.63992,0.5
-123.85,45.508,1.0599,0.71
-123.84,45.507,0.23992,0.5
-123.84,45.503,0.26992,0.74
-123.84,45.502,0.10992,0.5
-123.84,45.489,0.59992,0.5
-123.85,45.483,0.58992,0.5
-123.84,45.479,0.53992,0.5
-123.84,45.478,0.46992,0.5
-123.84,45.467,0.079916,0.5
-123.84,45.466,0.28992,0.5
-123.84,45.459,0.40992,0.5
-123.84,45.459,0.43992,0.5
-123.84,45.457,0.22992,0.5
-123.84,45.457,0.68992,0.87
-123.84,45.45,0.18992,0.9
-123.82,45.423,-0.17008,0.98
-123.82,45.419,0.12992,0.99
-123.81,45.407,0.38992,0.5
-123.81,45.401,0.54992,0.5
-123.79,45.396,0.44992,0.5
-123.79,45.386,0.18992,1.1
-123.8,45.38,0.61992,1.13
-123.8,45.374,0.41871,0.5
-123.8,45.372,-0.011287,1.14
-123.8,45.365,0.39871,0.5
-123.81,45.354,0.34871,0.5
-123.82,45.341,0.72871,0.5
-123.84,45.326,0.68871,1.25
-123.84,45.322,0.48871,1.26
-123.84,45.316,0.60871,0.5
-123.84,45.312,0.84871,0.5
-123.83,45.306,1.2687,1.3
-123.82,45.287,0.70871,0.5
-123.83,45.277,0.45871,1.36
-123.83,45.277,0.63871,0.5
-123.85,45.268,0.59871,0.5
-123.85,45.252,0.58871,1.42
-123.86,45.241,0.79871,0.5
-123.86,45.23,0.82871,1.46
-123.86,45.23,0.78871,0.5
-123.87,45.218,0.81871,0.5
-123.89,45.206,0.78871,0.5
-123.9,45.189,0.50871,1.53
-123.92,45.184,0.30871,0.5
-123.96,45.149,1.3584,1.58
-123.97,45.142,1.0684,0.5
-123.96,45.132,1.1284,0.5
-123.96,45.123,1.0284,0.5
-123.96,45.086,1.1884,1.61
-123.89,45.059,0.15842,1.59
-123.92,45.038,0.088424,1.56
-123.94,45.025,0.59842,1.53
-123.96,45.02,0.47842,0.5
-123.98,45.006,0.088424,0.5
-123.99,44.999,0.78842,0.5
-124.01,44.97,0.028424,1.41
-124.01,44.963,0.71842,1.4
-124.01,44.959,0.33842,1.4
-124.01,44.953,0.81842,0.5
-124.02,44.937,0.65842,0.5
-124.01,44.928,0.33842,1.33
-124.01,44.922,0.46842,1.32
-124,44.916,0.23842,0.5
-124.01,44.901,0.60842,0.5
-124,44.899,0.038424,1.27
-124.03,44.881,0.62842,0.5
-124.04,44.859,0.72001,1.17
-124.05,44.837,0.82001,1.12
-124.06,44.83,0.79001,0.5
-124.06,44.81,0.62001,0.5
-124.06,44.796,0.48001,0.5
-124.07,44.779,0.57001,0.5
-123.89,44.679,-0.46999,0.9
-123.86,44.679,-0.44713,0.93
-124.06,44.676,0.58001,0.5
-123.82,44.668,-0.0071267,1.06
-123.85,44.668,-0.047127,0.97
-123.81,44.666,-0.56713,0.5
-123.81,44.66,-0.32713,0.5
-123.79,44.654,-0.54713,0.5
-123.82,44.654,-0.12713,0.5
-124.05,44.65,0.75001,0.53
-123.78,44.643,-0.19713,0.5
-123.13,44.642,-0.77959,1.78
-123.12,44.642,-0.92315,0.51
-123.11,44.641,-0.0031541,1.79
-123.17,44.638,-0.72959,1.75
-123.1,44.638,-0.27315,0.5
-123.11,44.638,-0.17315,1.8
-124.04,44.638,0.32001,0.5
-124.05,44.637,0.60001,0.5
-123.11,44.636,-0.32315,0.51
-123.18,44.636,-0.20959,0.5
-123.78,44.636,-0.11713,1.13
-123.92,44.635,0.12001,0.5
-123.11,44.634,-0.32315,0.51
-124.05,44.634,0.62001,0.5
-124.01,44.634,0.11001,0.56
-124.06,44.632,0.55001,0.5
-124.05,44.631,0.81001,0.5
-123.11,44.631,-0.32315,1.81
-123.75,44.63,-0.15713,0.5
-124.05,44.629,0.84001,0.5
-124.05,44.628,0.56001,0.5
-124.06,44.626,0.55001,0.5
-124.06,44.625,0.38001,0.5
-123.72,44.624,-0.52755,0.5
-123.2,44.624,-0.24904,0.5
-123.94,44.621,-0.42894,0.75
-123.94,44.621,0.17106,0.5
-124.05,44.62,-0.33894,0.5
-123.93,44.62,0.16106,0.75
-123.65,44.619,-0.30755,1.26
-123.68,44.618,-0.21755,1.24
-124.05,44.618,-0.10894,0.5
-123.73,44.618,-0.33755,1.18
-124.05,44.615,0.26106,0.5
-124.05,44.611,0.21106,0.5
-123.22,44.609,-0.12904,0.5
-123.48,44.606,-0.28214,0.5
-123.45,44.605,-0.36214,1.46
-123.61,44.604,-0.28214,0.5
-123.62,44.604,-0.072136,0.5
-123.5,44.602,-0.062136,0.5
-123.57,44.6,-0.72214,1.34
-123.52,44.597,-0.33214,0.5
-123.44,44.596,-0.43214,1.47
-124.06,44.593,0.081065,0.5
-123.44,44.593,-0.32214,1.48
-123.53,44.591,-0.31214,0.5
-123.55,44.589,0.027864,1.38
-123.43,44.585,-0.60214,1.49
-124.06,44.585,0.20106,0.65
-124.06,44.582,0.23106,0.66
-123.24,44.578,-0.49904,1.68
-124.06,44.577,0.32106,0.69
-124.06,44.576,0.10106,0.5
-123.42,44.575,-0.032136,1.51
-124.07,44.572,0.17106,0.5
-124.07,44.57,0.44106,0.71
-124.07,44.57,0.15106,0.5
-123.26,44.568,-0.44904,0.5
-123.27,44.567,-0.12904,0.5
-123.27,44.567,-0.029039,0.5
-123.28,44.566,-0.13904,0.5
-123.27,44.566,-0.019039,0.5
-123.26,44.565,-0.50904,0.5
-123.26,44.565,-0.11904,0.5
-123.26,44.564,-0.14904,0.5
-123.28,44.563,-0.24904,0.5
-123.27,44.562,-0.12904,0.5
-123.28,44.557,-0.41904,1.62
-124.07,44.556,0.15106,0.5
-123.3,44.555,-0.0090387,0.5
-124.07,44.549,0.27106,0.81
-123.33,44.546,-0.059039,0.5
-123.31,44.546,-0.13904,0.5
-124.07,44.544,0.20106,0.5
-123.33,44.544,-0.14904,0.5
-124.07,44.544,0.27106,0.84
-123.35,44.542,-0.069039,0.5
-123.35,44.541,-0.029039,0.5
-123.37,44.54,-0.17904,0.5
-123.39,44.535,-0.25214,1.56
-124.07,44.535,0.22106,0.5
-124.07,44.532,0.57106,0.88
-124.07,44.527,0.031065,0.5
-124.07,44.521,-0.018935,0.92
-124.08,44.512,0.061065,0.5
-124.08,44.501,0.051065,1
-124.08,44.5,0.041065,0.5
-124.08,44.499,0.22106,1.01
-124.08,44.495,0.041065,0.5
-124.08,44.495,0.16106,1.02
-124.08,44.487,0.54106,1.04
-124.08,44.487,0.34106,0.5
-124.08,44.48,0.38106,1.07
-124.08,44.479,0.031065,0.5
-124.08,44.472,0.16106,1.09
-124.08,44.469,-0.15894,0.5
-124.08,44.468,0.031065,1.11
-124.07,44.451,-0.088935,0.5
-124.07,44.438,0.22106,1.2
-124.07,44.435,-0.058935,0.5
-124.07,44.432,-0.12894,0.5
-124.06,44.429,0.091065,0.5
-124.07,44.429,-0.22894,0.5
-124.07,44.427,-0.21894,0.5
-124.07,44.426,-0.068935,0.5
-124.07,44.423,0.14106,0.5
-124.07,44.422,0.22106,0.5
-124.08,44.41,0.30106,1.29
-124.09,44.393,0.46106,1.34
-124.09,44.364,0.21019,1.41
-124.09,44.364,-0.019813,0.5
-124.09,44.35,-0.029813,0.5
-124.09,44.349,-0.039813,0.5
-124.1,44.341,0.35019,1.47
-124.1,44.331,0.21019,1.49
-124.1,44.33,-0.0098127,0.5
-124.1,44.308,0.070187,1.55
-124.1,44.307,-0.56981,1.55
-124.11,44.304,0.090187,0.5
-124.11,44.3,0.12019,1.58
-124.11,44.295,0.31019,1.6
-124.11,44.291,0.54019,1.61
-124.11,44.29,-0.12981,0.5
-124.11,44.278,0.00018727,0.5
-124.11,44.278,0.040187,0.5
-124.11,44.272,0.00018727,0.5
-124.11,44.271,0.010187,0.5
-124.11,44.266,-0.0098127,0.5
-124.11,44.266,-0.019813,0.5
-124.11,44.245,-0.14981,0.5
-124.11,44.245,0.010187,0.5
-124.11,44.224,0.020187,0.5
-124.11,44.224,-0.039813,0.5
-124.11,44.208,-0.19981,0.5
-124.11,44.196,0.080187,0.5
-124.11,44.184,0.16019,0.5
-124.11,44.184,0.070187,0.5
-124.11,44.175,0.15019,0.5
-124.11,44.174,-0.049813,0.5
-124.11,44.165,0.14019,0.5
-124.11,44.165,0.18019,0.5
-124.11,44.163,-0.019813,1.9
-124.11,44.158,0.15019,0.5
-124.12,44.137,0.61019,1.95
-124.12,44.134,0.23019,0.5
-124.12,44.134,0.19019,0.5
-124.12,44.134,0.31019,1.96
-124.12,44.127,0.49019,1.97
-124.13,44.125,0.18019,0.5
-124.12,44.11,-0.011482,2
-124.12,44.11,0.25852,2
-124.12,44.107,0.028518,0.5
-124.11,44.095,0.038518,0.5
-124.11,44.083,0.038518,0.5
-124.1,44.079,0.39852,2.05
-124.1,44.053,-0.50148,2.08
-124.1,44.053,-0.28148,2.08
-124.1,44.033,0.61852,2.1
-124.1,44.006,0.59852,2.13
-124.04,43.983,-0.52148,2.11
-124.1,43.976,-0.51148,2.15
-124.1,43.974,-0.39148,2.15
-124.11,43.971,0.11852,2.15
-124.11,43.969,0.078518,2.15
-124.11,43.969,0.048518,0.5
-124.11,43.967,0.038518,0.5
-124.11,43.927,0.078518,2.17
-124.12,43.883,0.32852,2.16
-124.12,43.883,0.14852,0.5
-124.14,43.864,0.53303,2.15
-124.14,43.862,0.49303,2.15
-124.15,43.852,-0.16697,2.15
-124.15,43.848,0.42303,0.5
-124.15,43.847,0.66303,2.14
-124.15,43.838,0.62303,2.14
-124.15,43.835,0.62303,2.14
-124.15,43.834,0.50303,2.13
-124.15,43.831,0.43303,0.5
-124.15,43.831,0.47303,2.13
-124.15,43.827,0.43303,2.13
-124.15,43.821,0.33303,2.12
-124.15,43.819,0.73303,2.12
-124.15,43.812,0.43303,2.11
-124.15,43.807,0.54303,0.5
-124.15,43.807,0.48303,0.5
-124.14,43.783,0.48303,2.09
-124.11,43.73,-0.25697,2.03
-124.1,43.72,0.42303,0.53
-124.08,43.719,-0.32697,1.95
-124.09,43.714,0.063031,0.5
-124.09,43.714,-0.046969,0.5
-124.09,43.713,-0.026969,0.5
-124.09,43.711,-0.49697,0.5
-124.09,43.71,-0.17697,0.5
-124.1,43.708,0.043031,0.5
-124.1,43.708,0.58303,1.92
-124.1,43.707,0.033031,1.91
-124.09,43.707,0.043031,0.5
-124.11,43.7,-0.37697,1.87
-124.1,43.699,-0.13697,1.88
-124.12,43.697,-0.28697,1.85
-124.12,43.694,-0.14697,1.84
-124.14,43.689,0.33303,0.5
-124.17,43.675,0.50303,1.74
-124.18,43.625,0.43096,0.5
-124.18,43.615,0.30096,0.5
-124.17,43.578,0.53096,1.51
-124.17,43.578,-0.24904,1.5
-124.19,43.577,-0.22904,0.5
-124.2,43.566,0.47096,0.5
-124.21,43.555,0.31096,1.39
-124.22,43.534,0.75096,1.34
-124.23,43.429,0.50096,0.5
-124.23,43.424,0.52096,1.02
-124.23,43.424,0.52096,0.5
-124.22,43.416,0.40096,0.5
-124.22,43.407,0.68096,0.5
-124.22,43.407,0.70096,0.5
-124.24,43.407,0.72096,0.5
-124.22,43.395,0.60096,0.85
-124.22,43.395,0.29096,0.84
-124.28,43.394,0.69096,0.5
-124.28,43.394,0.80096,0.5
-124.28,43.393,0.52096,0.5
-124.28,43.393,0.53096,0.5
-124.28,43.393,0.61096,0.5
-124.28,43.393,0.57096,0.5
-124.29,43.374,0.79883,0.5
-124.21,43.369,0.19883,0.92
-124.21,43.369,0.29883,0.93
-124.2,43.356,0.42883,0.5
-124.2,43.356,0.40883,0.5
-124.2,43.356,0.26883,0.5
-124.31,43.354,0.96883,0.5
-124.33,43.35,1.2988,0.5
-124.33,43.35,1.1288,0.5
-124.33,43.35,1.3188,0.5
-124.33,43.35,1.4788,0.5
-124.33,43.347,1.4088,0.5
-124.33,43.347,1.3588,0.5
-124.31,43.346,1.1388,0.5
-124.33,43.344,1.1788,0.5
-124.37,43.338,1.5288,0.5
-124.23,43.261,0.89883,1.23
-124.23,43.232,0.91883,0.5
-124.23,43.193,0.75883,1.39
-124.19,43.186,0.52883,1.44
-124.18,43.182,0.50883,1.45
-124.26,43.181,0.79883,0.5
-124.19,43.177,0.76883,0.5
-124.19,43.176,0.67883,1.45
-124.19,43.176,0.75883,0.5
-124.19,43.174,0.33883,0.5
-124.19,43.174,0.85883,0.5
-124.17,43.151,1.0688,1.49
-124.36,43.133,2.4688,0.5
-124.34,43.132,2.2288,1.45
-124.37,43.124,2.3416,0.5
-124.42,43.121,2.5716,0.5
-124.41,43.119,2.4016,0.5
-124.4,43.119,2.5716,0.5
-124.39,43.119,2.3116,0.5
-124.41,43.118,2.6916,0.5
-123.5,43.115,-0.5424,0.62
-124.43,43.114,2.7316,0.5
-124.41,43.114,2.6616,0.5
-123.44,43.113,-0.4324,0.64
-124.3,43.112,1.4916,0.5
-124.32,43.11,1.6816,1.47
-123.46,43.106,-0.5124,0.63
-124.41,43.095,2.3216,1.31
-124.41,43.089,2.8016,1.3
-123.57,43.083,-1.0724,0.61
-124.41,43.077,2.2716,1.28
-123.63,43.066,-0.51388,0.59
-123.65,43.065,-0.78388,0.59
-124.14,43.065,1.0516,0.5
-124.41,43.06,2.6916,0.5
-124.41,43.047,3.0816,0.5
-123.67,43.038,-0.66388,0.58
-123.67,43.035,-0.94388,0.57
-124.41,43.031,2.8516,1.19
-123.92,43.019,-0.12102,0.5
-123.98,43.017,0.50898,0.5
-123.69,43.016,-0.62388,0.57
-124.41,43.003,2.9516,1.13
-123.72,42.996,-0.52388,0.56
-124.42,42.991,2.8316,1.1
-124.42,42.975,2.5716,0.5
-124.43,42.962,2.8816,0.5
-124.44,42.943,2.6514,0.97
-124.45,42.927,2.8714,0.5
-124.45,42.925,2.9214,0.5
-124.45,42.913,2.8814,0.89
-124.46,42.891,2.3514,0.83
-124.47,42.861,1.9814,0.74
-124.48,42.833,2.2214,0.65
-124.48,42.802,1.8014,0.53
-124.49,42.796,2.1914,0.51
-124.49,42.774,1.8114,0.5
-124.49,42.743,1.7314,0.5
-124.49,42.743,1.8314,0.5
-124.49,42.742,1.7914,0.5
-124.49,42.742,1.6014,0.5
-124.5,42.742,1.7614,0.5
-124.5,42.741,1.6914,0.5
-124.5,42.739,1.7514,0.5
-124.48,42.737,1.7614,0.5
-124.45,42.695,2.2014,0.63
-124.41,42.665,2.3814,0.8
-124.4,42.644,1.4514,0.87
-124.39,42.618,2.1114,0.94
-124.4,42.598,1.9374,1.01
-124.38,42.561,2.0774,0.5
-124.38,42.561,1.9374,1.11
-124.39,42.553,2.1474,0.5
-124.4,42.543,2.3674,1.15
-124.41,42.514,1.9174,1.22
-124.41,42.512,1.8774,1.22
-124.42,42.491,1.7874,1.25
-124.38,42.467,2.3474,0.5
-124.41,42.431,2.0974,1.41
-124.41,42.429,2.1674,0.5
-124.41,42.429,2.4774,1.41
-124.41,42.424,2.6374,1.42
-124.41,42.424,2.2574,0.5
-124.42,42.417,2.2274,1.44
-124.42,42.416,2.2274,1.44
-124.42,42.408,2.1074,0.5
-124.42,42.401,2.0374,0.5
-124.41,42.389,2.0374,0.5
-124.4,42.304,1.789,1.62
-124.4,42.292,2.379,1.63
-124.4,42.284,1.979,0.5
-124.39,42.272,2.609,1.65
-124.39,42.251,2.399,1.66
-124.37,42.247,1.709,0.5
-124.36,42.246,2.239,0.5
-124.38,42.242,1.709,0.5
-124.36,42.23,2.239,1.66
-124.36,42.226,2.199,0.5
-124.33,42.196,2.269,0.5
-124.33,42.191,1.629,1.64
-124.32,42.179,2.059,0.5
-124.31,42.147,2.039,0.5
-124.31,42.138,2.019,0.5
-124.31,42.132,2.089,0.5
-124.31,42.128,2.199,0.5
-124.3,42.114,2.299,1.56
-124.3,42.11,2.329,1.54
-124.3,42.109,2.199,0.5
-124.3,42.095,2.339,0.5
-124.3,42.09,2.289,0.5
-124.31,42.072,2.769,1.48
-124.31,42.068,2.459,1.48
-124.31,42.068,2.579,1.48
-124.27,42.054,2.839,1.39
-124.27,42.054,2.169,0.5
-124.27,42.054,2.669,1.39
-124.24,42.036,2.169,1.34
-124.21,42.012,2.2766,1.29
-124.2,41.99,2.0866,1.23
-124.16,41.926,1.3266,1.05
-124.14,41.922,1.6866,0.5
-124.16,41.822,1.6353,0.72
-124.18,41.796,1.1453,0.62
-124.2,41.769,1.3853,0.52
-124.2,41.757,1.7653,0.5
-124.2,41.753,2.2353,0.5
-124.18,41.752,1.6453,0.5
-124.2,41.751,1.7053,0.5
-124.18,41.751,1.7053,0.5
-124.2,41.75,1.6953,0.5
-124.2,41.749,1.6053,0.5
-124.18,41.748,1.6853,0.5
-124.2,41.746,1.7253,0.5
